MEME version 4

ALPHABET= ACDEFGHIKLMNPQRSTVWY

Background letter frequencies
A 0.1134 C 0.0105 D 0.0638 E 0.0702 F 0.0297 G 0.0889 H 0.0205 I 0.0614 K 0.0495 L 0.0963 
M 0.0246 N 0.0360 P 0.0427 Q 0.0317 R 0.0509 S 0.0508 T 0.0505 V 0.0702 W 0.0129 
Y 0.0257 

MOTIF MEME-4
letter-probability matrix: alength= 20 w= 30 nsites= 1720 E= 0.000000
0.108140 0.000000 0.023837 0.081977 0.000581 0.255814 0.008721 0.004651 0.032558 0.002326 0.000000 0.022674 0.300000 0.021512 0.011047 0.058140 0.053488 0.014535 0.000000 0.000000 
0.004651 0.000000 0.004070 0.000581 0.000581 0.548837 0.003488 0.000000 0.114535 0.191860 0.000581 0.008140 0.000000 0.030233 0.008140 0.009884 0.074419 0.000000 0.000000 0.000000 
0.108721 0.000000 0.002907 0.015116 0.000000 0.001744 0.000581 0.000000 0.373256 0.012791 0.005233 0.000000 0.145930 0.016860 0.256395 0.055814 0.004070 0.000581 0.000000 0.000000 
0.468605 0.000581 0.028488 0.118023 0.000581 0.043023 0.001744 0.001744 0.041279 0.186047 0.000000 0.005233 0.008140 0.054070 0.013372 0.014535 0.008721 0.005814 0.000000 0.000000 
0.260465 0.000000 0.034302 0.405814 0.000000 0.020930 0.000581 0.000581 0.002326 0.006395 0.000581 0.001163 0.000000 0.092442 0.137791 0.020930 0.009884 0.005814 0.000000 0.000000 
0.000000 0.002326 0.000000 0.000000 0.002326 0.000000 0.001163 0.068023 0.164535 0.039535 0.002907 0.000000 0.000000 0.000000 0.713953 0.000000 0.000000 0.005233 0.000000 0.000000 
0.069767 0.000000 0.000000 0.204070 0.008140 0.000000 0.000581 0.264535 0.037791 0.229070 0.015116 0.000000 0.000000 0.039535 0.040116 0.004651 0.056395 0.029070 0.001163 0.000000 
0.426744 0.000000 0.060465 0.152907 0.000581 0.013953 0.008140 0.003488 0.035465 0.183721 0.000581 0.004651 0.000000 0.038372 0.040116 0.009302 0.020349 0.001163 0.000000 0.000000 
0.150581 0.000000 0.016860 0.106395 0.000581 0.189535 0.036047 0.029651 0.027907 0.039535 0.002326 0.003488 0.000000 0.080233 0.132558 0.006395 0.138372 0.025000 0.000581 0.013953 
0.125000 0.000000 0.000000 0.050000 0.003488 0.000000 0.000000 0.016860 0.005814 0.620349 0.099419 0.000000 0.000000 0.000581 0.002907 0.061047 0.000581 0.013953 0.000000 0.000000 
0.033140 0.000581 0.012791 0.183721 0.001744 0.001163 0.144186 0.035465 0.072093 0.266279 0.007558 0.029651 0.000000 0.062791 0.102907 0.013372 0.006977 0.004651 0.001744 0.019186 
0.230814 0.000581 0.023837 0.162791 0.000000 0.001744 0.004651 0.000581 0.065116 0.003488 0.002326 0.077907 0.000000 0.037791 0.316860 0.059302 0.008140 0.004070 0.000000 0.000000 
0.004651 0.003488 0.240116 0.289535 0.000000 0.008140 0.059884 0.001744 0.034302 0.003488 0.000000 0.034302 0.000000 0.090116 0.143023 0.018023 0.053488 0.013372 0.000581 0.001744 
0.120930 0.000000 0.000000 0.000000 0.000000 0.699419 0.000000 0.000000 0.000000 0.000000 0.000000 0.000000 0.000000 0.000000 0.000000 0.176163 0.003488 0.000000 0.000000 0.000000 
0.000000 0.000000 0.000000 0.000000 0.031395 0.000000 0.000000 0.001163 0.000000 0.002326 0.000000 0.000000 0.000000 0.000000 0.000000 0.000000 0.000000 0.301744 0.000000 0.663372 
0.073837 0.000000 0.000000 0.000000 0.000000 0.000581 0.000000 0.000000 0.002326 0.000000 0.000581 0.000000 0.720930 0.108721 0.091860 0.001163 0.000000 0.000000 0.000000 0.000000 
0.477326 0.399419 0.000000 0.000000 0.000000 0.080814 0.000000 0.000581 0.000000 0.000000 0.000000 0.000000 0.000000 0.000000 0.000000 0.012209 0.026744 0.002907 0.000000 0.000000 
0.000000 0.000000 0.000000 0.000000 0.000000 0.000000 0.000000 0.000000 0.000000 0.000000 0.000000 0.000000 0.000000 0.000000 0.000000 0.000000 0.000000 0.000000 0.000000 1.000000 
0.008721 0.000581 0.000000 0.000000 0.000000 0.000000 0.000000 0.000000 0.000000 0.000000 0.000000 0.189535 0.000000 0.000000 0.000000 0.027907 0.772093 0.001163 0.000000 0.000000 
0.000581 0.000000 0.000000 0.000000 0.000000 0.000000 0.000000 0.000000 0.000000 0.000000 0.000000 0.000000 0.000000 0.000000 0.000000 0.001163 0.998256 0.000000 0.000000 0.000000 
0.030233 0.000000 0.000000 0.004651 0.000000 0.000000 0.000000 0.000000 0.000000 0.000000 0.000000 0.000000 0.000000 0.008721 0.000000 0.890116 0.066279 0.000000 0.000000 0.000000 
0.475581 0.019186 0.000000 0.000000 0.000000 0.185465 0.000000 0.000000 0.000000 0.000000 0.000000 0.000000 0.302907 0.000000 0.000000 0.000000 0.000581 0.016279 0.000000 0.000000 
0.019186 0.000000 0.000000 0.000000 0.000000 0.980814 0.000000 0.000000 0.000000 0.000000 0.000000 0.000000 0.000000 0.000000 0.000000 0.000000 0.000000 0.000000 0.000000 0.000000 
0.000000 0.000000 0.000000 0.000000 0.181395 0.000000 0.000000 0.000000 0.000000 0.000000 0.000000 0.000000 0.000000 0.000000 0.000000 0.000000 0.000000 0.000000 0.814535 0.004070 
0.000000 0.000000 0.000000 0.000000 0.006977 0.000000 0.000000 0.005233 0.000000 0.986047 0.001163 0.000000 0.000000 0.000000 0.000000 0.000581 0.000000 0.000000 0.000000 0.000000 
0.008721 0.000000 0.000000 0.000000 0.000000 0.805814 0.159302 0.000000 0.000000 0.000581 0.000000 0.018605 0.000000 0.000000 0.000000 0.006977 0.000000 0.000000 0.000000 0.000000 
0.024419 0.000000 0.000000 0.000581 0.019767 0.000000 0.014535 0.000000 0.000000 0.000581 0.002326 0.000000 0.000000 0.000000 0.000000 0.002326 0.152907 0.002907 0.000000 0.779651 
0.004651 0.000581 0.226163 0.013953 0.000581 0.100000 0.000000 0.000000 0.000000 0.000000 0.000000 0.004070 0.226744 0.000000 0.000000 0.401744 0.021512 0.000000 0.000000 0.000000 
0.000581 0.000000 0.666279 0.113372 0.000000 0.008721 0.004070 0.016279 0.010465 0.152326 0.000000 0.004070 0.004070 0.001163 0.000581 0.000000 0.016279 0.001744 0.000000 0.000000 
0.113953 0.000000 0.418605 0.433721 0.000000 0.009884 0.000000 0.000000 0.001163 0.000000 0.000000 0.001163 0.000000 0.009302 0.001163 0.006395 0.002907 0.001163 0.000000 0.000581 

MOTIF MEME-23
letter-probability matrix: alength= 20 w= 30 nsites= 2852 E= 0.000000
0.049790 0.000351 0.061711 0.444951 0.001403 0.018583 0.001753 0.001753 0.122721 0.009818 0.003156 0.028050 0.000000 0.122721 0.035414 0.082048 0.011220 0.002104 0.000000 0.002454 
0.527700 0.001052 0.000351 0.001753 0.015778 0.024895 0.070126 0.028401 0.019285 0.026648 0.051893 0.002805 0.000000 0.004558 0.032959 0.031557 0.051543 0.008766 0.004558 0.095372 
0.031557 0.003857 0.000351 0.003506 0.013675 0.002104 0.006311 0.200561 0.025947 0.127279 0.015428 0.000000 0.000000 0.012272 0.051893 0.003506 0.008415 0.477560 0.002805 0.012973 
0.345372 0.000000 0.186185 0.169355 0.002454 0.026297 0.006662 0.001052 0.102384 0.003156 0.000000 0.031206 0.000351 0.059607 0.018583 0.029804 0.009467 0.007013 0.000000 0.001052 
0.176718 0.000000 0.193198 0.129734 0.000000 0.009467 0.005610 0.000701 0.147966 0.022791 0.011571 0.019986 0.002104 0.146213 0.106942 0.023843 0.001052 0.001403 0.000000 0.000701 
0.000000 0.000000 0.000702 0.000000 0.000000 0.996843 0.000000 0.000000 0.001052 0.000000 0.000000 0.000351 0.000000 0.000000 0.000702 0.000351 0.000000 0.000000 0.000000 0.000000 
0.012623 0.004909 0.000000 0.000351 0.641655 0.000351 0.014727 0.002805 0.000000 0.001753 0.001753 0.000000 0.001052 0.000000 0.000000 0.000000 0.001403 0.006311 0.072581 0.237728 
0.010519 0.001052 0.108696 0.054698 0.002454 0.032609 0.024544 0.000000 0.103787 0.001052 0.000351 0.085905 0.004208 0.130785 0.183380 0.060309 0.190393 0.004558 0.000000 0.000701 
0.066971 0.010168 0.002454 0.004558 0.001052 0.002104 0.240182 0.061360 0.017882 0.009818 0.016830 0.004208 0.000000 0.138499 0.018233 0.099579 0.209327 0.049088 0.000000 0.047686 
0.000701 0.007363 0.000000 0.000000 0.224053 0.000000 0.000000 0.314867 0.000000 0.345021 0.008415 0.000000 0.000000 0.000000 0.000000 0.002104 0.002454 0.094670 0.000000 0.000351 
0.000000 0.000000 0.000000 0.001052 0.000000 0.000000 0.000000 0.000000 0.982468 0.000000 0.000000 0.000701 0.000000 0.015778 0.000000 0.000000 0.000000 0.000000 0.000000 0.000000 
0.000701 0.000000 0.000000 0.000000 0.016129 0.000000 0.000000 0.256662 0.000000 0.429874 0.142707 0.000000 0.000000 0.045231 0.000000 0.000000 0.006311 0.102384 0.000000 0.000000 
0.000000 0.000000 0.000000 0.000000 0.000000 0.000000 0.000000 0.000000 1.000000 0.000000 0.000000 0.000000 0.000000 0.000000 0.000000 0.000000 0.000000 0.000000 0.000000 0.000000 
0.019635 0.000351 0.000351 0.000000 0.000000 0.006311 0.000000 0.053296 0.000000 0.051543 0.000000 0.000000 0.000000 0.000000 0.000000 0.000000 0.011921 0.856592 0.000000 0.000000 
0.000351 0.000701 0.000000 0.000351 0.000000 0.996494 0.000000 0.000000 0.000000 0.000000 0.000000 0.000000 0.000000 0.000000 0.000000 0.002104 0.000000 0.000000 0.000000 0.000000 
0.219495 0.000351 0.013324 0.015077 0.018934 0.126578 0.014376 0.032609 0.187237 0.030505 0.001052 0.017532 0.000000 0.015778 0.126227 0.027700 0.135344 0.016129 0.000000 0.001753 
0.006662 0.001403 0.505610 0.056101 0.000000 0.037167 0.004208 0.004208 0.007714 0.000000 0.000000 0.259818 0.002454 0.001753 0.005259 0.099229 0.005610 0.000701 0.000000 0.002104 
0.091865 0.000351 0.001052 0.014025 0.007363 0.013675 0.001753 0.102384 0.004558 0.437938 0.002104 0.000351 0.092216 0.002104 0.014376 0.015778 0.005610 0.180926 0.010870 0.000701 
0.120617 0.000351 0.151122 0.330996 0.000351 0.033310 0.059257 0.004208 0.091164 0.008415 0.005610 0.036115 0.008766 0.065568 0.024544 0.019986 0.023843 0.013675 0.000000 0.002104 
0.071178 0.000000 0.401122 0.201964 0.000351 0.014727 0.003156 0.004208 0.028752 0.125877 0.009467 0.005961 0.001052 0.028752 0.013324 0.053296 0.020337 0.016480 0.000000 0.000000 
0.000000 0.000000 0.993689 0.006311 0.000000 0.000000 0.000000 0.000000 0.000000 0.000000 0.000000 0.000000 0.000000 0.000000 0.000000 0.000000 0.000000 0.000000 0.000000 0.000000 
0.009467 0.001753 0.000000 0.004909 0.011571 0.000000 0.002454 0.426017 0.043829 0.163043 0.022440 0.000000 0.000351 0.001403 0.069074 0.001403 0.001052 0.240533 0.000000 0.000701 
0.105540 0.000000 0.015428 0.262623 0.000000 0.001403 0.006662 0.002104 0.079593 0.002454 0.000351 0.008415 0.001052 0.030856 0.471599 0.002454 0.005961 0.003156 0.000000 0.000351 
0.029102 0.000351 0.000000 0.000000 0.000000 0.000000 0.001052 0.001403 0.009116 0.001052 0.000000 0.001403 0.000000 0.000000 0.889551 0.002454 0.002104 0.062412 0.000000 0.000000 
0.062412 0.090112 0.000000 0.000000 0.014376 0.007013 0.000000 0.245091 0.000000 0.308906 0.066620 0.000000 0.000000 0.000000 0.000000 0.000000 0.004558 0.200912 0.000000 0.000000 
0.083801 0.001052 0.002454 0.133590 0.001753 0.023492 0.010168 0.006311 0.150421 0.016480 0.002805 0.004909 0.000000 0.060309 0.328892 0.065568 0.095722 0.009467 0.000701 0.002104 
0.434783 0.000701 0.000000 0.017181 0.002454 0.000701 0.006662 0.295933 0.024194 0.116410 0.003156 0.000000 0.000000 0.008415 0.014025 0.011571 0.026297 0.036115 0.000000 0.001403 
0.390252 0.002805 0.000000 0.000000 0.000351 0.000000 0.000000 0.332749 0.000000 0.066269 0.000701 0.000000 0.000000 0.000000 0.000000 0.001753 0.010168 0.194951 0.000000 0.000000 
0.018233 0.005259 0.000351 0.000000 0.003156 0.000701 0.049088 0.001052 0.004558 0.004909 0.000000 0.002805 0.000000 0.000701 0.875175 0.010519 0.000000 0.002454 0.000000 0.021038 
0.153927 0.000351 0.105540 0.490533 0.000000 0.007363 0.003156 0.000000 0.039621 0.012623 0.001753 0.073633 0.000351 0.042426 0.017532 0.037518 0.008415 0.005259 0.000000 0.000000 

MOTIF MEME-38
letter-probability matrix: alength= 20 w= 30 nsites= 1383 E= 0.000000
0.000000 0.000000 0.998554 0.000000 0.000000 0.000000 0.000000 0.000000 0.000000 0.000000 0.000000 0.000000 0.000000 0.000000 0.000000 0.001446 0.000000 0.000000 0.000000 0.000000 
0.986975 0.000000 0.001447 0.000000 0.000000 0.011577 0.000000 0.000000 0.000000 0.000000 0.000000 0.000000 0.000000 0.000000 0.000000 0.000000 0.000000 0.000000 0.000000 0.000000 
0.001447 0.000000 0.000000 0.000000 0.000000 0.000000 0.000000 0.002894 0.000000 0.000724 0.980463 0.000000 0.000000 0.000000 0.000000 0.000724 0.002171 0.011577 0.000000 0.000000 
0.000000 0.000000 0.000000 0.000000 0.000000 0.000000 0.054993 0.001447 0.000000 0.000000 0.000000 0.943560 0.000000 0.000000 0.000000 0.000000 0.000000 0.000000 0.000000 0.000000 
0.157019 0.000000 0.001447 0.011577 0.000000 0.004342 0.002171 0.005789 0.043415 0.020984 0.000724 0.001447 0.681621 0.000724 0.000724 0.020260 0.028944 0.018813 0.000000 0.000000 
0.202605 0.000000 0.715630 0.034009 0.005065 0.020260 0.000000 0.002894 0.000000 0.000000 0.000000 0.002171 0.000000 0.000000 0.001447 0.013025 0.002894 0.000000 0.000000 0.000000 
0.010130 0.010130 0.000000 0.000000 0.000000 0.105644 0.000000 0.000724 0.000000 0.000000 0.000000 0.000000 0.845876 0.000000 0.000000 0.005789 0.021708 0.000000 0.000000 0.000000 
0.000000 0.000000 0.971780 0.000000 0.000000 0.000000 0.000000 0.000000 0.000000 0.000000 0.000000 0.026773 0.000000 0.000000 0.000000 0.000000 0.000000 0.001447 0.000000 0.000000 
0.000000 0.000000 0.000000 0.000000 0.000000 0.016643 0.000000 0.000000 0.000000 0.000000 0.000000 0.000000 0.000000 0.000000 0.000000 0.000000 0.000000 0.000000 0.000000 0.983357 
0.000000 0.000000 0.000000 0.000000 0.000000 0.000000 0.000000 0.000000 0.000000 0.000000 0.000000 0.000000 0.000000 0.000000 0.000000 1.000000 0.000000 0.000000 0.000000 0.000000 
0.921852 0.001447 0.000000 0.000000 0.000000 0.000724 0.016643 0.000000 0.000000 0.000000 0.000000 0.000000 0.000000 0.000000 0.000000 0.054993 0.000724 0.003618 0.000000 0.000000 
0.913893 0.000000 0.000000 0.000000 0.000000 0.000000 0.000000 0.000000 0.000000 0.000000 0.000000 0.000000 0.017366 0.000000 0.000000 0.011577 0.055716 0.001447 0.000000 0.000000 
0.000000 0.000000 0.000000 0.000000 0.010854 0.000000 0.002171 0.000000 0.000000 0.000000 0.000000 0.000000 0.000000 0.000000 0.000000 0.000000 0.000000 0.000000 0.000000 0.986975 
0.006512 0.119392 0.000000 0.000000 0.000000 0.000000 0.000000 0.039074 0.000000 0.072359 0.000000 0.000000 0.000000 0.000000 0.000000 0.000000 0.000000 0.762663 0.000000 0.000000 
0.001447 0.003618 0.000000 0.012301 0.000000 0.000000 0.000000 0.408104 0.000000 0.002171 0.001447 0.000000 0.000000 0.013748 0.031838 0.001447 0.071635 0.452243 0.000000 0.000000 
0.000000 0.000000 0.000000 0.000000 0.007959 0.000000 0.000000 0.087554 0.000000 0.865412 0.000724 0.000000 0.000000 0.000000 0.000000 0.000000 0.000000 0.038350 0.000000 0.000000 
0.007959 0.001447 0.125181 0.235166 0.000724 0.020984 0.104920 0.001447 0.062229 0.001447 0.000000 0.006512 0.000000 0.049928 0.313314 0.015195 0.020984 0.020260 0.000000 0.012301 
0.015195 0.000000 0.002894 0.000000 0.000000 0.000000 0.000000 0.000000 0.000000 0.000000 0.001447 0.000000 0.000000 0.000000 0.000000 0.002894 0.973227 0.004342 0.000000 0.000000 
0.020260 0.000000 0.850217 0.015919 0.000000 0.012301 0.000000 0.000000 0.000000 0.000000 0.000000 0.052098 0.000000 0.000724 0.000724 0.040521 0.006512 0.000724 0.000000 0.000000 
0.332127 0.004342 0.106368 0.039074 0.000000 0.073082 0.042692 0.000000 0.008683 0.002171 0.001447 0.034732 0.000724 0.039797 0.083213 0.170043 0.044139 0.017366 0.000000 0.000000 
0.143994 0.000724 0.117221 0.124457 0.000000 0.222865 0.005065 0.000000 0.013025 0.006512 0.000000 0.005789 0.288712 0.013748 0.006512 0.028220 0.017366 0.005065 0.000000 0.000724 
0.079595 0.000000 0.348046 0.036903 0.030391 0.209117 0.047033 0.001447 0.011577 0.052822 0.001447 0.020260 0.041968 0.025326 0.007236 0.030391 0.007236 0.005789 0.000724 0.042692 
0.039074 0.000724 0.080318 0.086107 0.014472 0.230101 0.005789 0.005065 0.034732 0.321997 0.002894 0.004342 0.025326 0.013025 0.027496 0.051375 0.041245 0.015195 0.000000 0.000724 
0.101302 0.000000 0.012301 0.133140 0.005065 0.277135 0.068017 0.039074 0.047033 0.175832 0.002894 0.005065 0.028220 0.005789 0.004342 0.049204 0.030391 0.008683 0.000000 0.006512 
0.072359 0.000000 0.009407 0.168596 0.010854 0.390014 0.209117 0.000724 0.015195 0.000724 0.000000 0.007236 0.000000 0.021708 0.002894 0.010854 0.028220 0.018813 0.000000 0.033285 
0.018813 0.003618 0.002171 0.017366 0.005065 0.588278 0.340087 0.000000 0.000000 0.001447 0.000000 0.002171 0.001447 0.001447 0.001447 0.005789 0.001447 0.001447 0.000000 0.007959 
0.007959 0.004342 0.006512 0.009407 0.042692 0.378437 0.237337 0.000724 0.000000 0.123010 0.104920 0.003618 0.013025 0.000724 0.000724 0.002894 0.002894 0.003618 0.000000 0.057164 
0.095514 0.031838 0.000724 0.010130 0.027496 0.287988 0.000724 0.015919 0.000724 0.321274 0.017366 0.000000 0.001447 0.000724 0.000000 0.005065 0.162084 0.020984 0.000000 0.000000 
0.031838 0.005789 0.000000 0.008683 0.437771 0.015195 0.005789 0.010130 0.000000 0.128799 0.004342 0.000000 0.001447 0.000000 0.000000 0.002894 0.345876 0.000724 0.000724 0.000000 
0.067294 0.008683 0.001447 0.002171 0.368307 0.023878 0.008683 0.002171 0.000000 0.001447 0.000724 0.000000 0.000000 0.000724 0.001447 0.015195 0.395803 0.102026 0.000000 0.000000 

MOTIF MEME-39
letter-probability matrix: alength= 20 w= 30 nsites= 1403 E= 0.000000
0.007840 0.000000 0.000000 0.000000 0.006415 0.000000 0.000713 0.186030 0.000000 0.189594 0.002851 0.000000 0.002851 0.000000 0.000000 0.001426 0.001426 0.600143 0.000000 0.000713 
0.010691 0.000713 0.000000 0.034925 0.000713 0.000000 0.002851 0.080542 0.065574 0.070563 0.002851 0.000000 0.001426 0.019244 0.021383 0.002851 0.022808 0.660014 0.000000 0.002851 
0.002138 0.000000 0.004989 0.000000 0.000000 0.947969 0.002851 0.000713 0.000000 0.000713 0.000000 0.022808 0.007840 0.000000 0.000000 0.003564 0.000713 0.004277 0.000000 0.001426 
0.050606 0.002851 0.000000 0.020670 0.002138 0.000713 0.012117 0.004989 0.177477 0.240912 0.021383 0.000713 0.000713 0.044904 0.359230 0.002851 0.029223 0.022096 0.000713 0.005702 
0.007840 0.000713 0.287954 0.102637 0.000000 0.006415 0.003564 0.001426 0.035638 0.001426 0.001426 0.032787 0.104063 0.012830 0.061297 0.167498 0.160371 0.012117 0.000000 0.000000 
0.057733 0.000000 0.000000 0.000000 0.002851 0.001426 0.000000 0.051319 0.000000 0.553100 0.034212 0.000000 0.000000 0.000000 0.000000 0.004989 0.010691 0.280827 0.002851 0.000000 
0.130435 0.000713 0.269423 0.308624 0.000713 0.032787 0.017106 0.000713 0.006415 0.000000 0.000713 0.007128 0.078403 0.022808 0.007128 0.103350 0.011404 0.002138 0.000000 0.000000 
0.068425 0.000000 0.151818 0.337847 0.000000 0.013542 0.001426 0.000000 0.007840 0.012117 0.000000 0.011404 0.030649 0.014255 0.023521 0.116892 0.071276 0.009979 0.128297 0.000713 
0.007128 0.000000 0.037063 0.000713 0.029936 0.002851 0.000000 0.339986 0.000000 0.303635 0.014255 0.000713 0.002138 0.000000 0.000000 0.003564 0.063435 0.194583 0.000000 0.000000 
0.200998 0.111903 0.001426 0.002138 0.014968 0.002138 0.003564 0.058446 0.018532 0.161796 0.002138 0.000000 0.001426 0.003564 0.080542 0.011404 0.195296 0.128297 0.000000 0.001426 
0.547398 0.000000 0.068425 0.133999 0.000000 0.061297 0.000000 0.001426 0.035638 0.002138 0.000713 0.009979 0.000000 0.016393 0.029936 0.073414 0.017106 0.001426 0.000000 0.000713 
0.054170 0.000000 0.643621 0.016393 0.000000 0.012830 0.052744 0.000000 0.000000 0.000000 0.000000 0.204562 0.000000 0.005702 0.004989 0.004989 0.000000 0.000000 0.000000 0.000000 
0.001426 0.000000 0.000000 0.000000 0.032074 0.000713 0.000713 0.005702 0.000000 0.242338 0.365645 0.000000 0.249465 0.000000 0.000000 0.000000 0.000000 0.000000 0.101924 0.000000 
0.086244 0.000713 0.000000 0.000000 0.000000 0.856023 0.000713 0.000000 0.000713 0.000000 0.000000 0.002851 0.000000 0.000000 0.040627 0.009266 0.000000 0.002851 0.000000 0.000000 
0.307912 0.000000 0.024947 0.032787 0.000000 0.128297 0.002138 0.004277 0.169636 0.015681 0.001426 0.003564 0.000000 0.037776 0.159658 0.049180 0.056308 0.006415 0.000000 0.000000 
0.019957 0.000713 0.000000 0.000000 0.526016 0.000000 0.001426 0.005702 0.000000 0.176764 0.014968 0.000000 0.000000 0.000000 0.000000 0.000000 0.198860 0.030649 0.001426 0.023521 
0.079829 0.009979 0.000000 0.000000 0.020670 0.004277 0.036351 0.000000 0.000000 0.001426 0.000000 0.034925 0.000000 0.000000 0.000000 0.095510 0.000713 0.000713 0.615110 0.100499 
0.007840 0.000000 0.017819 0.002138 0.004277 0.000000 0.049180 0.000713 0.037776 0.002851 0.000000 0.003564 0.000000 0.007840 0.860299 0.001426 0.002138 0.000000 0.000000 0.002138 
0.068425 0.000713 0.141839 0.081254 0.014255 0.001426 0.270135 0.006415 0.003564 0.044904 0.017819 0.007840 0.000000 0.020670 0.126871 0.050606 0.022808 0.000713 0.002138 0.117605 
0.000000 0.005702 0.000000 0.000000 0.094797 0.000000 0.000000 0.079116 0.000000 0.688525 0.044191 0.000000 0.000000 0.000000 0.000000 0.000000 0.000000 0.087669 0.000000 0.000000 
0.017819 0.000713 0.000000 0.000713 0.000000 0.000713 0.000000 0.093371 0.005702 0.010691 0.003564 0.007840 0.000000 0.000713 0.002851 0.005702 0.598717 0.250891 0.000000 0.000000 
0.037063 0.000000 0.019244 0.002138 0.000000 0.288667 0.133286 0.000000 0.000000 0.000000 0.000000 0.084105 0.000000 0.001426 0.006415 0.397719 0.002851 0.016393 0.004989 0.005702 
0.000000 0.000000 0.960086 0.005702 0.000000 0.018532 0.000000 0.000000 0.000000 0.000000 0.000000 0.000000 0.000713 0.000000 0.000000 0.014968 0.000000 0.000000 0.000000 0.000000 
0.002851 0.000000 0.035638 0.000000 0.000000 0.021383 0.000000 0.000000 0.000000 0.000000 0.000000 0.000000 0.019957 0.000000 0.000000 0.910192 0.007840 0.002138 0.000000 0.000000 
0.000000 0.000000 0.000000 0.000000 0.000000 0.000000 0.004989 0.000000 0.000000 0.000000 0.000000 0.000000 0.001426 0.959373 0.000000 0.034212 0.000000 0.000000 0.000000 0.000000 
0.000000 0.000000 0.000000 0.000000 0.019957 0.000000 0.006415 0.013542 0.000000 0.888810 0.013542 0.000000 0.000000 0.033500 0.000000 0.000000 0.000713 0.000000 0.000713 0.022808 
0.000000 0.000000 0.000000 0.000000 0.000000 0.000000 0.000000 0.000000 0.000000 0.033500 0.000000 0.000000 0.000000 0.000000 0.966500 0.000000 0.000000 0.000000 0.000000 0.000000 
0.000000 0.000000 0.000000 0.000000 0.000000 0.000000 0.000000 0.000000 0.000000 0.000000 0.000000 0.000000 0.000000 0.000000 0.033500 0.000000 0.000000 0.000000 0.966500 0.000000 
0.000000 0.000000 0.000000 0.000000 0.000000 0.000000 0.000000 0.468995 0.000000 0.453314 0.000000 0.000000 0.000000 0.000000 0.000000 0.000000 0.002851 0.041340 0.033500 0.000000 
0.000000 0.000000 0.000000 0.000713 0.000000 0.965788 0.000000 0.000713 0.000000 0.031361 0.000000 0.000000 0.000000 0.000000 0.000000 0.000000 0.001426 0.000000 0.000000 0.000000 

MOTIF MEME-40
letter-probability matrix: alength= 20 w= 30 nsites= 1497 E= 0.000000
0.008684 0.000668 0.023380 0.011356 0.000000 0.760855 0.002004 0.000000 0.046092 0.000000 0.000668 0.110220 0.000000 0.010020 0.022712 0.003340 0.000000 0.000000 0.000000 0.000000 
0.000000 0.000000 0.000000 0.003340 0.000000 0.000000 0.000000 0.000668 0.814295 0.113560 0.005344 0.000000 0.000000 0.026052 0.026720 0.000000 0.002672 0.007348 0.000000 0.000000 
0.001336 0.000000 0.000000 0.000000 0.000000 0.000000 0.000000 0.000000 0.000000 0.000000 0.000000 0.000000 0.998664 0.000000 0.000000 0.000000 0.000000 0.000000 0.000000 0.000000 
0.002004 0.000000 0.000000 0.000000 0.000000 0.000668 0.000000 0.002004 0.000000 0.400134 0.002004 0.000000 0.000000 0.000000 0.000000 0.000000 0.000000 0.593186 0.000000 0.000000 
0.000000 0.000000 0.000000 0.000000 0.052104 0.000000 0.000000 0.000000 0.000000 0.000000 0.000000 0.000000 0.000000 0.000000 0.000000 0.000000 0.000000 0.000000 0.946560 0.001336 
0.022712 0.000668 0.002672 0.034068 0.000000 0.000000 0.000668 0.000000 0.257181 0.014696 0.002004 0.000000 0.000000 0.181697 0.483634 0.000000 0.000000 0.000000 0.000000 0.000000 
0.000000 0.000000 0.000000 0.000000 0.135605 0.000000 0.003340 0.092852 0.000000 0.704743 0.000668 0.000000 0.001336 0.000000 0.000000 0.000000 0.000668 0.035404 0.000000 0.025384 
0.012024 0.000000 0.000000 0.000000 0.000668 0.000000 0.000000 0.069472 0.000000 0.499666 0.001336 0.000000 0.000000 0.000000 0.000000 0.000000 0.000000 0.416834 0.000000 0.000000 
0.703407 0.022712 0.000000 0.000000 0.000000 0.075484 0.000000 0.000000 0.000000 0.000000 0.000000 0.000000 0.000000 0.000000 0.000000 0.092852 0.014696 0.090180 0.000000 0.000668 
0.020040 0.000000 0.515698 0.290581 0.000000 0.088844 0.012692 0.000000 0.000000 0.000000 0.000000 0.001336 0.000000 0.005344 0.039412 0.015364 0.010688 0.000000 0.000000 0.000000 
0.084168 0.000000 0.000000 0.000000 0.023380 0.000668 0.000000 0.000668 0.000000 0.142285 0.694055 0.000000 0.000000 0.000000 0.053440 0.001336 0.000000 0.000000 0.000000 0.000000 
0.014028 0.000000 0.070808 0.052772 0.000000 0.001336 0.000668 0.000000 0.003340 0.000000 0.000000 0.002004 0.026720 0.001336 0.004008 0.420174 0.402806 0.000000 0.000000 0.000000 
0.039412 0.000000 0.000000 0.000000 0.000000 0.000000 0.000000 0.000000 0.053440 0.000000 0.000000 0.000000 0.895792 0.000000 0.000000 0.003340 0.002672 0.005344 0.000000 0.000000 
0.040748 0.001336 0.020708 0.881096 0.000000 0.001336 0.001336 0.000000 0.012024 0.000000 0.000000 0.000000 0.000000 0.019372 0.020708 0.000000 0.001336 0.000000 0.000000 0.000000 
0.014028 0.000000 0.030728 0.569806 0.000668 0.000000 0.002004 0.000000 0.054108 0.000000 0.000668 0.001336 0.000000 0.225117 0.009352 0.000000 0.007348 0.000668 0.084168 0.000000 
0.000000 0.000000 0.000000 0.000000 0.104876 0.000000 0.000000 0.292585 0.000000 0.547762 0.003340 0.000000 0.000000 0.000000 0.000000 0.000000 0.002672 0.034068 0.000000 0.014696 
0.102204 0.000000 0.000000 0.000000 0.000000 0.000000 0.000000 0.016700 0.000000 0.022712 0.000000 0.000000 0.004008 0.000000 0.000000 0.000668 0.007348 0.797595 0.048764 0.000000 
0.066800 0.006012 0.245157 0.024048 0.000000 0.030728 0.002672 0.000000 0.023380 0.000000 0.000668 0.020708 0.000000 0.026052 0.323981 0.179693 0.050100 0.000000 0.000000 0.000000 
0.071476 0.356045 0.000000 0.000000 0.001336 0.000000 0.000000 0.118904 0.000000 0.212425 0.001336 0.000000 0.000000 0.105544 0.000000 0.004676 0.064128 0.010688 0.000000 0.053440 
0.072812 0.002004 0.000000 0.000000 0.000000 0.000000 0.000000 0.420842 0.000000 0.094188 0.000000 0.000000 0.001336 0.000000 0.000000 0.001336 0.008016 0.399466 0.000000 0.000000 
0.000668 0.000000 0.933200 0.001336 0.000000 0.000000 0.000000 0.000000 0.000000 0.000000 0.000000 0.000000 0.003340 0.000000 0.000000 0.061456 0.000000 0.000000 0.000000 0.000000 
0.000000 0.000000 0.000000 0.000000 0.802271 0.000000 0.000668 0.000000 0.053440 0.021376 0.000668 0.000000 0.000000 0.000000 0.000000 0.000000 0.000000 0.000000 0.022712 0.098864 
0.000000 0.000000 0.000000 0.000000 0.000000 0.000668 0.002672 0.000000 0.001336 0.053440 0.000000 0.000000 0.000000 0.001336 0.887776 0.028056 0.024716 0.000000 0.000000 0.000000 
0.000000 0.000000 0.000000 0.000000 0.021376 0.000668 0.016032 0.000000 0.000000 0.000000 0.000000 0.000000 0.000000 0.000000 0.000000 0.000000 0.000000 0.000000 0.014028 0.947896 
0.050768 0.000000 0.000000 0.000000 0.000000 0.000668 0.000000 0.334001 0.000000 0.516366 0.015364 0.000668 0.000000 0.000000 0.002004 0.000000 0.000000 0.080160 0.000000 0.000000 
0.028724 0.000000 0.008016 0.024716 0.000000 0.008016 0.001336 0.000000 0.004008 0.002672 0.000668 0.051436 0.000000 0.007348 0.013360 0.152973 0.694055 0.002672 0.000000 0.000000 
0.000000 0.000000 0.975952 0.003340 0.000000 0.000668 0.000000 0.000000 0.000000 0.000000 0.000000 0.020040 0.000000 0.000000 0.000000 0.000000 0.000000 0.000000 0.000000 0.000000 
0.601870 0.128925 0.002672 0.001336 0.002672 0.007348 0.000000 0.000000 0.000668 0.002672 0.000668 0.048764 0.001336 0.000668 0.000000 0.000000 0.002004 0.197061 0.000000 0.001336 
0.000000 0.000000 0.000000 0.000000 0.000668 0.000000 0.000000 0.275885 0.002672 0.697395 0.004676 0.000000 0.000000 0.000000 0.000668 0.000000 0.000000 0.018036 0.000000 0.000000 
0.004008 0.000000 0.057448 0.000000 0.000000 0.003340 0.000000 0.000000 0.002004 0.000000 0.001336 0.002672 0.003340 0.000000 0.004008 0.038744 0.883100 0.000000 0.000000 0.000000 

MOTIF MEME-41
letter-probability matrix: alength= 20 w= 30 nsites= 4639 E= 0.000000
0.013149 0.000216 0.142056 0.072429 0.020910 0.048933 0.096573 0.080190 0.000431 0.010994 0.002802 0.176116 0.000862 0.106488 0.002371 0.004096 0.017461 0.146152 0.050226 0.007545 
0.175038 0.000647 0.042466 0.053891 0.009700 0.114464 0.055184 0.104764 0.008407 0.167493 0.006251 0.041173 0.031903 0.035784 0.015736 0.027161 0.011640 0.061651 0.003018 0.033628 
0.057124 0.000000 0.062729 0.383272 0.000000 0.262988 0.020263 0.000862 0.026299 0.019832 0.000216 0.004742 0.013581 0.006467 0.012718 0.005820 0.002802 0.000647 0.000000 0.119638 
0.286053 0.006251 0.007545 0.012718 0.026514 0.166631 0.239922 0.001293 0.007976 0.011209 0.006251 0.003665 0.000000 0.013365 0.083208 0.018970 0.009916 0.004742 0.000000 0.093770 
0.179996 0.000000 0.006898 0.101099 0.053891 0.005605 0.087303 0.088166 0.010563 0.163397 0.002802 0.000000 0.000000 0.013581 0.083208 0.000862 0.001293 0.021125 0.020047 0.160164 
0.251994 0.000000 0.003665 0.021772 0.000000 0.031903 0.006036 0.013581 0.167924 0.155421 0.000647 0.000216 0.107782 0.022634 0.164260 0.012072 0.021125 0.017892 0.000000 0.001078 
0.070058 0.000216 0.089674 0.187540 0.000000 0.002587 0.010563 0.219444 0.157146 0.057987 0.000216 0.002587 0.001078 0.065531 0.099159 0.010131 0.002371 0.023281 0.000431 0.000000 
0.085363 0.000216 0.004311 0.004096 0.003665 0.001940 0.010563 0.162966 0.063376 0.325286 0.001078 0.011209 0.000431 0.003880 0.265790 0.001725 0.000431 0.053675 0.000000 0.000000 
0.320112 0.002587 0.010778 0.051951 0.001509 0.001725 0.004958 0.000000 0.073292 0.057556 0.000862 0.123302 0.001078 0.056047 0.174175 0.043759 0.023928 0.048286 0.000000 0.004096 
0.438672 0.000000 0.014658 0.031041 0.000431 0.071136 0.009916 0.001940 0.066394 0.009916 0.004527 0.068334 0.033628 0.085579 0.085579 0.026945 0.011209 0.039448 0.000647 0.000000 
0.066394 0.003880 0.002371 0.006036 0.003449 0.053675 0.141410 0.106920 0.011856 0.104548 0.033412 0.004958 0.158008 0.129338 0.006467 0.044191 0.006898 0.102608 0.000000 0.013581 
0.186894 0.016814 0.003449 0.000431 0.019185 0.086225 0.013365 0.002587 0.020910 0.084285 0.000647 0.015521 0.053675 0.030179 0.020047 0.042682 0.321190 0.052813 0.000000 0.029101 
0.032119 0.002156 0.081699 0.003233 0.000000 0.166846 0.074801 0.025652 0.001509 0.002156 0.001725 0.043328 0.256952 0.010131 0.012718 0.161673 0.108213 0.012287 0.001078 0.001725 
0.011859 0.025442 0.000000 0.000216 0.003665 0.000000 0.000431 0.345623 0.000431 0.021130 0.141656 0.000000 0.000000 0.000216 0.000000 0.001725 0.218413 0.221863 0.000000 0.007331 
0.006900 0.000000 0.000000 0.001940 0.000000 0.086028 0.001725 0.000647 0.165589 0.041397 0.082794 0.000431 0.539025 0.019621 0.035360 0.001940 0.009918 0.006468 0.000216 0.000000 
0.000000 0.000216 0.000000 0.000000 0.037508 0.000000 0.000000 0.396853 0.000000 0.125889 0.000862 0.000000 0.000000 0.000000 0.000000 0.000000 0.000431 0.433283 0.004958 0.000000 
0.767622 0.000647 0.000000 0.000000 0.000000 0.000000 0.000000 0.000000 0.000000 0.000000 0.000000 0.002802 0.000000 0.000000 0.000000 0.077387 0.150895 0.000647 0.000000 0.000000 
0.098728 0.002371 0.000000 0.000000 0.012072 0.064669 0.000000 0.002156 0.000000 0.131063 0.003665 0.000862 0.000000 0.000431 0.000000 0.073292 0.573184 0.037508 0.000000 0.000000 
0.000647 0.000000 0.000000 0.000000 0.000000 0.999353 0.000000 0.000000 0.000000 0.000000 0.000000 0.000000 0.000000 0.000000 0.000000 0.000000 0.000000 0.000000 0.000000 0.000000 
0.000000 0.000000 0.000000 1.000000 0.000000 0.000000 0.000000 0.000000 0.000000 0.000000 0.000000 0.000000 0.000000 0.000000 0.000000 0.000000 0.000000 0.000000 0.000000 0.000000 
0.006251 0.000000 0.000000 0.000000 0.000000 0.000000 0.381332 0.026299 0.000000 0.000000 0.192930 0.001293 0.000000 0.011425 0.340591 0.020694 0.009700 0.009485 0.000000 0.000000 
0.027592 0.170726 0.000216 0.148523 0.034921 0.008623 0.069627 0.009916 0.000000 0.289718 0.141841 0.001509 0.000000 0.000647 0.000000 0.000431 0.018970 0.067040 0.009700 0.000000 
0.098728 0.001078 0.000216 0.000000 0.213408 0.068980 0.091830 0.000216 0.000000 0.000431 0.006036 0.031688 0.000647 0.208019 0.000000 0.007114 0.051951 0.000431 0.000000 0.219228 
0.000000 0.000431 0.000000 0.000000 0.000000 0.006682 0.003233 0.000000 0.000000 0.000000 0.000000 0.325286 0.000000 0.000000 0.000216 0.443846 0.220306 0.000000 0.000000 0.000000 
0.011640 0.000000 0.000000 0.000000 0.034275 0.008191 0.001078 0.032550 0.019401 0.091183 0.000216 0.000431 0.003233 0.002802 0.742617 0.017030 0.000000 0.034921 0.000000 0.000431 
0.031041 0.000000 0.000000 0.001293 0.115973 0.001725 0.018970 0.104333 0.000000 0.003880 0.005820 0.014227 0.000000 0.071136 0.034059 0.006251 0.006251 0.199828 0.295538 0.089674 
0.002371 0.000000 0.283251 0.161026 0.000000 0.165768 0.000000 0.041173 0.000000 0.040742 0.126105 0.001725 0.000000 0.012287 0.000000 0.068549 0.005605 0.091399 0.000000 0.000000 
0.018323 0.026514 0.000000 0.000000 0.825609 0.000000 0.069196 0.010994 0.000000 0.000000 0.007545 0.000000 0.000000 0.000000 0.000000 0.000000 0.000000 0.031903 0.000216 0.009700 
0.010131 0.000216 0.000431 0.036646 0.000000 0.003449 0.001078 0.001078 0.679026 0.032335 0.001509 0.001078 0.000000 0.001940 0.211252 0.000000 0.000431 0.003018 0.015952 0.000431 
0.009056 0.000000 0.062096 0.049590 0.000000 0.006468 0.023286 0.000216 0.051746 0.004959 0.043553 0.022639 0.052178 0.397370 0.169470 0.024148 0.081285 0.000000 0.000216 0.001725 

MOTIF MEME-42
letter-probability matrix: alength= 20 w= 30 nsites= 1421 E= 0.000000
0.000000 0.000000 0.000000 0.000000 0.000000 0.000000 1.000000 0.000000 0.000000 0.000000 0.000000 0.000000 0.000000 0.000000 0.000000 0.000000 0.000000 0.000000 0.000000 0.000000 
0.802817 0.000000 0.000000 0.000000 0.000000 0.043662 0.000000 0.000000 0.000000 0.000000 0.000000 0.020423 0.000000 0.000000 0.000000 0.132394 0.000704 0.000000 0.000000 0.000000 
0.000000 0.000000 0.000000 0.000000 0.000000 1.000000 0.000000 0.000000 0.000000 0.000000 0.000000 0.000000 0.000000 0.000000 0.000000 0.000000 0.000000 0.000000 0.000000 0.000000 
0.020423 0.000000 0.000000 0.000000 0.000000 0.979577 0.000000 0.000000 0.000000 0.000000 0.000000 0.000000 0.000000 0.000000 0.000000 0.000000 0.000000 0.000000 0.000000 0.000000 
0.002817 0.000000 0.000000 0.000000 0.000000 0.000000 0.000000 0.014789 0.000000 0.000704 0.020423 0.000000 0.000000 0.000000 0.000000 0.000000 0.000704 0.960563 0.000000 0.000000 
0.000000 0.000000 0.000000 0.000000 0.000000 1.000000 0.000000 0.000000 0.000000 0.000000 0.000000 0.000000 0.000000 0.000000 0.000000 0.000000 0.000000 0.000000 0.000000 0.000000 
0.000000 0.000000 0.000000 0.000000 0.000000 0.000000 0.000000 0.000000 0.000000 0.996479 0.003521 0.000000 0.000000 0.000000 0.000000 0.000000 0.000000 0.000000 0.000000 0.000000 
0.000000 0.845070 0.000000 0.000000 0.000000 0.000000 0.000000 0.000000 0.000000 0.000000 0.000000 0.011972 0.116901 0.000000 0.000000 0.000000 0.023944 0.002113 0.000000 0.000000 
0.000000 0.000000 0.000000 0.994366 0.000000 0.000000 0.000000 0.000000 0.000000 0.000000 0.000000 0.000000 0.000000 0.005634 0.000000 0.000000 0.000000 0.000000 0.000000 0.000000 
0.057042 0.000000 0.000000 0.000000 0.000000 0.000000 0.002113 0.002817 0.000000 0.338028 0.042958 0.000000 0.000000 0.000704 0.000000 0.000000 0.000704 0.004930 0.000000 0.550704 
0.000000 0.003521 0.000000 0.000000 0.000000 0.000000 0.000000 0.005634 0.000000 0.000000 0.000704 0.000000 0.000000 0.000000 0.000000 0.005634 0.163380 0.821127 0.000000 0.000000 
0.000704 0.005634 0.000000 0.000000 0.000000 0.001408 0.000000 0.005634 0.000000 0.000000 0.000000 0.000704 0.000000 0.928169 0.028169 0.026761 0.000000 0.002817 0.000000 0.000000 
0.000000 0.000000 0.000000 0.000000 0.000000 0.000000 0.969014 0.000000 0.000000 0.000000 0.000000 0.028169 0.000000 0.002817 0.000000 0.000000 0.000000 0.000000 0.000000 0.000000 
0.000000 0.000000 0.000000 0.000000 0.011972 0.000000 0.000000 0.088028 0.000000 0.873239 0.009859 0.000000 0.000000 0.000000 0.000704 0.000000 0.000000 0.015493 0.000000 0.000704 
0.215493 0.000000 0.000000 0.000000 0.000000 0.000704 0.000000 0.020423 0.000000 0.000000 0.000000 0.000000 0.000000 0.000000 0.000000 0.757042 0.000000 0.006338 0.000000 0.000000 
0.005634 0.000000 0.000000 0.000000 0.013380 0.000000 0.000704 0.040141 0.000000 0.116901 0.673944 0.000704 0.000000 0.000000 0.000000 0.000000 0.134507 0.014085 0.000000 0.000000 
0.048592 0.000000 0.000000 0.000000 0.448592 0.000000 0.000000 0.465493 0.000000 0.012676 0.000000 0.000000 0.000000 0.000000 0.000000 0.000000 0.000000 0.018310 0.003521 0.002817 
0.000000 0.000000 0.990845 0.000000 0.000000 0.000000 0.000000 0.000000 0.000000 0.000000 0.000000 0.009155 0.000000 0.000000 0.000000 0.000000 0.000000 0.000000 0.000000 0.000000 
0.003521 0.000704 0.000000 0.000704 0.201408 0.000000 0.000704 0.000000 0.000000 0.001408 0.000000 0.000000 0.000000 0.000000 0.000000 0.000000 0.000000 0.000000 0.000000 0.791549 
0.010563 0.000000 0.000000 0.000000 0.000000 0.000000 0.000000 0.204225 0.000000 0.183099 0.000000 0.000000 0.000000 0.000000 0.000000 0.000000 0.002113 0.600000 0.000000 0.000000 
0.583803 0.240141 0.000000 0.000000 0.000000 0.000704 0.002817 0.000000 0.000000 0.000704 0.000000 0.000000 0.000000 0.000000 0.003521 0.029577 0.001408 0.130986 0.004225 0.002113 
0.000704 0.000000 0.000000 0.000000 0.021127 0.000000 0.000000 0.245775 0.000000 0.077465 0.007042 0.000000 0.000000 0.000000 0.000000 0.000000 0.000000 0.647887 0.000000 0.000000 
0.102113 0.000704 0.000000 0.000000 0.000000 0.008451 0.000000 0.000000 0.000000 0.000000 0.000000 0.000000 0.000000 0.000000 0.000000 0.774648 0.114085 0.000000 0.000000 0.000000 
0.103521 0.001408 0.000000 0.000000 0.000000 0.879577 0.000704 0.000000 0.000704 0.000000 0.000704 0.000000 0.001408 0.000704 0.002113 0.000704 0.008451 0.000000 0.000000 0.000000 
0.002113 0.000000 0.027465 0.026761 0.000000 0.000704 0.000704 0.000704 0.150704 0.000000 0.000000 0.009155 0.000704 0.009155 0.032394 0.261972 0.476761 0.000704 0.000000 0.000000 
0.001408 0.000704 0.019014 0.000000 0.003521 0.000000 0.046479 0.004930 0.278873 0.230282 0.107746 0.000704 0.000704 0.016197 0.102817 0.000704 0.137324 0.014085 0.032394 0.002113 
0.011972 0.000000 0.166901 0.551408 0.000000 0.004930 0.017606 0.000000 0.011268 0.000704 0.000000 0.002113 0.000704 0.023239 0.015493 0.161972 0.028873 0.002817 0.000000 0.000000 
0.000704 0.000000 0.288028 0.003521 0.000000 0.376761 0.001408 0.003521 0.007042 0.022535 0.025352 0.146479 0.000000 0.002113 0.012676 0.005634 0.002817 0.101408 0.000000 0.000000 
0.001408 0.000704 0.000000 0.000704 0.000000 0.000000 0.000704 0.000000 0.002817 0.152113 0.000000 0.007746 0.000000 0.001408 0.832394 0.000000 0.000000 0.000000 0.000000 0.000000 
0.074595 0.004926 0.000000 0.152006 0.004926 0.000000 0.000000 0.019001 0.000000 0.008445 0.065447 0.000704 0.000000 0.000000 0.008445 0.013371 0.009148 0.634764 0.000000 0.004222 

MOTIF MEME-43
letter-probability matrix: alength= 20 w= 30 nsites= 1340 E= 0.000000
0.000000 0.000000 0.000000 0.000000 0.000000 0.000000 1.000000 0.000000 0.000000 0.000000 0.000000 0.000000 0.000000 0.000000 0.000000 0.000000 0.000000 0.000000 0.000000 0.000000 
0.002239 0.000000 0.058955 0.875373 0.000000 0.001493 0.000000 0.000000 0.000746 0.000000 0.000000 0.000000 0.000000 0.061194 0.000000 0.000000 0.000000 0.000000 0.000000 0.000000 
0.000000 0.000000 0.000000 0.000000 0.000000 0.000000 0.988060 0.000000 0.000000 0.000000 0.000000 0.008209 0.000000 0.000000 0.000000 0.000000 0.000000 0.000000 0.000000 0.003731 
0.000000 0.000000 0.000000 0.000000 1.000000 0.000000 0.000000 0.000000 0.000000 0.000000 0.000000 0.000000 0.000000 0.000000 0.000000 0.000000 0.000000 0.000000 0.000000 0.000000 
0.046269 0.000746 0.001493 0.047761 0.024627 0.000746 0.006716 0.105970 0.015672 0.264925 0.002985 0.000746 0.000000 0.001493 0.020896 0.005970 0.104478 0.339552 0.000000 0.008955 
