MEME version 4

ALPHABET= ACDEFGHIKLMNPQRSTVWY

Background letter frequencies
A 0.1135 C 0.0104 D 0.0639 E 0.0702 F 0.0298 G 0.0889 H 0.0207 I 0.0613 K 0.0496 L 0.0962 
M 0.0245 N 0.036 P 0.0427 Q 0.0316 R 0.0508 S 0.0507 T 0.0505 V 0.0702 W 0.0129 
Y 0.0257 

MOTIF MEME-3
letter-probability matrix: alength= 20 w= 30 nsites= 1369 E= 0.000001
0.048210 0.000000 0.126370 0.066472 0.000000 0.027757 0.003652 0.008766 0.005113 0.016070 0.000000 0.018262 0.231556 0.001461 0.066472 0.160701 0.212564 0.005844 0.000000 0.000730 
0.102995 0.000000 0.186267 0.181885 0.015340 0.032140 0.008035 0.015340 0.014609 0.063550 0.000000 0.005844 0.271731 0.032871 0.008035 0.008035 0.016801 0.027757 0.000000 0.008766 
0.252009 0.000000 0.150475 0.211103 0.003652 0.054785 0.002922 0.005113 0.076698 0.008035 0.002922 0.012418 0.016070 0.044558 0.044558 0.059898 0.037253 0.017531 0.000000 0.000000 
0.065011 0.001461 0.175310 0.104456 0.022644 0.012418 0.005844 0.074507 0.121987 0.028488 0.013148 0.014609 0.018262 0.089116 0.021183 0.002922 0.018992 0.202337 0.000000 0.007305 
0.053324 0.000000 0.003652 0.015340 0.008766 0.000000 0.000000 0.120526 0.000730 0.127831 0.291454 0.004383 0.001461 0.010226 0.001461 0.000000 0.030679 0.330168 0.000000 0.000000 
0.368882 0.003652 0.018992 0.064280 0.005844 0.027027 0.001461 0.013148 0.046019 0.063550 0.005844 0.004383 0.000000 0.015340 0.269540 0.008766 0.013879 0.062089 0.000000 0.007305 
0.109569 0.000730 0.028488 0.218408 0.002922 0.012418 0.009496 0.005844 0.062089 0.211103 0.016801 0.049671 0.000000 0.094960 0.125639 0.029949 0.008766 0.006574 0.000730 0.005844 
0.452885 0.000730 0.040175 0.101534 0.000000 0.019722 0.003652 0.007305 0.022644 0.113221 0.000000 0.034332 0.000000 0.089116 0.035062 0.069394 0.002191 0.007305 0.000000 0.000730 
0.387144 0.032871 0.000730 0.268809 0.001461 0.004383 0.004383 0.053324 0.031410 0.035793 0.027757 0.000730 0.000000 0.021914 0.059167 0.012418 0.018262 0.034332 0.004383 0.000730 
0.303871 0.000730 0.017531 0.087655 0.000000 0.004383 0.014609 0.013879 0.142440 0.034332 0.003652 0.002922 0.000000 0.098612 0.159240 0.055515 0.031410 0.027757 0.000000 0.001461 
0.273192 0.000730 0.043097 0.169467 0.016070 0.030679 0.000730 0.020453 0.052593 0.037253 0.110299 0.016801 0.000000 0.037253 0.039445 0.090577 0.048941 0.009496 0.000730 0.002191 
0.165814 0.002922 0.002191 0.015340 0.011687 0.005113 0.051132 0.056976 0.092768 0.176771 0.018992 0.000730 0.000000 0.089847 0.046019 0.027757 0.017531 0.032871 0.000730 0.184806 
0.112491 0.005844 0.124909 0.152666 0.004383 0.004383 0.005844 0.071585 0.022644 0.121987 0.011687 0.001461 0.000000 0.021183 0.045289 0.015340 0.005844 0.203798 0.054785 0.013879 
0.177502 0.000000 0.109569 0.142440 0.002922 0.012418 0.014609 0.009496 0.119795 0.048941 0.004383 0.037984 0.001461 0.076698 0.165814 0.047480 0.019722 0.006574 0.000000 0.002191 
0.143170 0.000730 0.059167 0.061359 0.002922 0.018262 0.016070 0.001461 0.093499 0.021914 0.008035 0.024836 0.004383 0.100073 0.152666 0.021914 0.008035 0.000000 0.000000 0.261505 
0.001461 0.000730 0.002922 0.001461 0.000000 0.864134 0.001461 0.000000 0.002922 0.005113 0.000730 0.000730 0.000000 0.008035 0.110299 0.000000 0.000000 0.000000 0.000000 0.000000 
0.101534 0.008035 0.000000 0.000000 0.607012 0.000000 0.117604 0.032140 0.000000 0.004383 0.001461 0.000730 0.000000 0.000000 0.008035 0.000000 0.000000 0.005113 0.013148 0.100804 
0.024836 0.004383 0.053324 0.015340 0.002191 0.052593 0.028488 0.000000 0.189189 0.011687 0.000000 0.170197 0.016801 0.064280 0.161432 0.048210 0.154858 0.002191 0.000000 0.000000 
0.123448 0.068663 0.220599 0.000730 0.003652 0.027757 0.051132 0.067202 0.004383 0.115413 0.007305 0.003652 0.000000 0.036523 0.013148 0.065741 0.108839 0.070855 0.000000 0.010957 
0.007305 0.005113 0.000000 0.000000 0.420015 0.000000 0.000000 0.188459 0.000000 0.262235 0.005113 0.000000 0.000000 0.000000 0.000000 0.000730 0.000730 0.107378 0.000000 0.002922 
0.000000 0.000000 0.000000 0.000000 0.000000 0.000000 0.000000 0.000000 0.992695 0.000000 0.000000 0.000000 0.000000 0.007305 0.000000 0.000000 0.000000 0.000000 0.000000 0.000000 
0.000730 0.002922 0.000000 0.000000 0.014609 0.000730 0.000000 0.128561 0.008766 0.530314 0.140979 0.000000 0.000000 0.005113 0.000000 0.000000 0.002191 0.159240 0.005844 0.000000 
0.000000 0.000000 0.000000 0.000000 0.000000 0.000000 0.000000 0.000000 0.913075 0.000000 0.000000 0.069394 0.000000 0.000000 0.017531 0.000000 0.000000 0.000000 0.000000 0.000000 
0.057706 0.000000 0.000000 0.000000 0.018262 0.288532 0.000000 0.205990 0.000000 0.158510 0.006574 0.000000 0.000000 0.000000 0.000000 0.000000 0.008035 0.256392 0.000000 0.000000 
0.011687 0.000000 0.097151 0.000000 0.000000 0.811541 0.000000 0.000000 0.000000 0.000000 0.000000 0.000000 0.000000 0.000000 0.000730 0.015340 0.063550 0.000000 0.000000 0.000000 
0.197955 0.000000 0.040175 0.053324 0.010957 0.089116 0.002922 0.010957 0.057706 0.018262 0.001461 0.037253 0.007305 0.024105 0.072316 0.035062 0.060628 0.262235 0.000730 0.017531 
0.032871 0.000000 0.149744 0.108108 0.029949 0.064280 0.050402 0.047480 0.012418 0.228634 0.008766 0.070855 0.035062 0.005844 0.113952 0.032140 0.005844 0.000730 0.000000 0.002922 
0.116874 0.000730 0.111760 0.057706 0.007305 0.012418 0.013879 0.030679 0.006574 0.201607 0.013879 0.045289 0.181154 0.019722 0.048210 0.065011 0.013879 0.043097 0.006574 0.003652 
0.049671 0.010226 0.078890 0.077429 0.055515 0.224251 0.017531 0.107378 0.036523 0.066472 0.004383 0.011687 0.084733 0.051132 0.010226 0.010226 0.013148 0.089116 0.001461 0.000000 
0.116874 0.000000 0.189920 0.281227 0.016801 0.009496 0.011687 0.027757 0.030679 0.052593 0.008035 0.017531 0.006574 0.042367 0.037253 0.094960 0.018262 0.006574 0.013148 0.018262 

MOTIF MEME-8
letter-probability matrix: alength= 20 w= 30 nsites= 1286 E= 0.000001
0.083981 0.000000 0.034992 0.040435 0.037325 0.094868 0.016330 0.122084 0.012442 0.151633 0.002333 0.031104 0.034992 0.055988 0.056765 0.008554 0.034992 0.067652 0.070762 0.042768 
0.141524 0.009331 0.211509 0.313375 0.001555 0.045101 0.021773 0.003888 0.034215 0.041991 0.006998 0.018663 0.015552 0.035770 0.025661 0.027216 0.013219 0.029549 0.000000 0.003110 
0.180404 0.000778 0.220062 0.111198 0.001555 0.227061 0.038880 0.005443 0.007776 0.038103 0.016330 0.003888 0.000778 0.007776 0.035770 0.025661 0.006998 0.031104 0.000778 0.039658 
0.115086 0.002333 0.038103 0.038103 0.026439 0.013219 0.057543 0.030327 0.003888 0.319596 0.144635 0.009331 0.000778 0.052100 0.023328 0.023328 0.013219 0.010886 0.007776 0.069984 
0.453344 0.001555 0.027216 0.035770 0.001555 0.022551 0.003888 0.020995 0.108865 0.025661 0.006221 0.002333 0.053655 0.018663 0.122862 0.026439 0.010109 0.055210 0.001555 0.001555 
0.080093 0.000778 0.045879 0.145412 0.017107 0.003888 0.028771 0.029549 0.042768 0.231726 0.003110 0.001555 0.001555 0.054432 0.193624 0.009331 0.020218 0.023328 0.023328 0.043546 
0.090202 0.000000 0.006998 0.062208 0.003110 0.005443 0.000000 0.104199 0.011664 0.423795 0.009331 0.000778 0.000000 0.010886 0.057543 0.008554 0.011664 0.193624 0.000000 0.000000 
0.174961 0.059098 0.024883 0.013997 0.008554 0.031882 0.011664 0.007776 0.072317 0.012442 0.010109 0.104977 0.003110 0.025661 0.181960 0.075428 0.129860 0.038880 0.000000 0.012442 
0.185070 0.000000 0.073095 0.084759 0.091757 0.024106 0.029549 0.048989 0.062208 0.043546 0.010109 0.039658 0.020995 0.094868 0.120529 0.048989 0.010109 0.005443 0.000778 0.005443 
0.080093 0.002333 0.031104 0.040435 0.012442 0.069207 0.087092 0.074650 0.083981 0.051322 0.023328 0.039658 0.024883 0.094868 0.153188 0.055988 0.016330 0.033437 0.000778 0.024883 
0.045101 0.011664 0.003110 0.000778 0.057543 0.032659 0.115086 0.034992 0.003888 0.065319 0.009331 0.006998 0.010886 0.017107 0.049767 0.166407 0.220840 0.104977 0.003888 0.039658 
0.047434 0.001555 0.146967 0.024883 0.006998 0.057543 0.038103 0.024106 0.016330 0.008554 0.001555 0.037325 0.391913 0.023328 0.025661 0.080871 0.045101 0.015552 0.000000 0.006221 
0.032659 0.012442 0.000000 0.000000 0.012442 0.011664 0.002333 0.246501 0.008554 0.211509 0.017107 0.002333 0.016330 0.000000 0.000000 0.000000 0.174184 0.243390 0.000000 0.008554 
0.083981 0.000000 0.005443 0.001555 0.000000 0.000778 0.000000 0.003110 0.030327 0.027216 0.000778 0.000000 0.762053 0.000778 0.042768 0.019440 0.009331 0.003888 0.008554 0.000000 
0.000000 0.001555 0.000000 0.000000 0.007776 0.000000 0.000000 0.601866 0.000000 0.150078 0.026439 0.000000 0.000000 0.000000 0.003888 0.000000 0.001555 0.206843 0.000000 0.000000 
0.482115 0.178849 0.000000 0.000000 0.024106 0.003110 0.000000 0.038880 0.000000 0.035770 0.192068 0.000000 0.000000 0.000000 0.000000 0.024106 0.004666 0.013997 0.000000 0.002333 
0.599533 0.000000 0.000000 0.000000 0.003888 0.031882 0.000000 0.026439 0.000000 0.166407 0.010886 0.000000 0.000000 0.000000 0.000000 0.001555 0.125972 0.033437 0.000000 0.000000 
0.000000 0.000000 0.730171 0.000000 0.000000 0.269829 0.000000 0.000000 0.000000 0.000000 0.000000 0.000000 0.000000 0.000000 0.000000 0.000000 0.000000 0.000000 0.000000 0.000000 
0.000000 0.000000 0.000000 0.991446 0.000000 0.000000 0.000000 0.000000 0.000000 0.000000 0.000000 0.000000 0.000000 0.000000 0.000000 0.008554 0.000000 0.000000 0.000000 0.000000 
0.084759 0.003888 0.018663 0.062986 0.000000 0.024883 0.054432 0.010886 0.013997 0.001555 0.026439 0.033437 0.001555 0.000000 0.125972 0.513997 0.011664 0.009331 0.001555 0.000000 
0.053655 0.191291 0.000778 0.018663 0.017107 0.000778 0.000778 0.142302 0.000000 0.293157 0.062208 0.001555 0.008554 0.000000 0.003110 0.003110 0.005443 0.192846 0.004666 0.000000 
0.050544 0.007776 0.002333 0.026439 0.198289 0.002333 0.216952 0.073095 0.017885 0.013997 0.003888 0.017107 0.010109 0.048989 0.125194 0.012442 0.070762 0.022551 0.006998 0.072317 
0.006221 0.010109 0.059098 0.006221 0.001555 0.154743 0.019440 0.001555 0.052100 0.013219 0.000000 0.060653 0.000778 0.000000 0.068429 0.290047 0.237170 0.017885 0.000000 0.000778 
0.139969 0.006998 0.000778 0.020995 0.027994 0.004666 0.024883 0.042768 0.009331 0.095645 0.014774 0.002333 0.111198 0.000000 0.304044 0.056765 0.027216 0.098756 0.000000 0.010886 
0.108087 0.000000 0.063764 0.151633 0.056765 0.035770 0.045101 0.015552 0.028771 0.020995 0.003110 0.038880 0.009331 0.064541 0.051322 0.097978 0.030327 0.047434 0.086314 0.044323 
0.010109 0.000000 0.553655 0.103421 0.000000 0.046656 0.003888 0.006221 0.000778 0.005443 0.006998 0.056765 0.000778 0.043546 0.000778 0.113530 0.016330 0.031104 0.000000 0.000000 
0.222395 0.013219 0.004666 0.004666 0.173406 0.014774 0.026439 0.062986 0.002333 0.206065 0.028771 0.000000 0.103421 0.006998 0.008554 0.008554 0.013219 0.093313 0.000778 0.005443 
0.081649 0.000000 0.026439 0.069984 0.071540 0.016330 0.017107 0.033437 0.233281 0.141524 0.014774 0.005443 0.046656 0.014774 0.101866 0.025661 0.024883 0.017885 0.005443 0.051322 
0.134526 0.000778 0.051322 0.110420 0.000000 0.035770 0.017885 0.001555 0.088647 0.010886 0.008554 0.061431 0.024106 0.135303 0.247278 0.035770 0.017885 0.009331 0.000778 0.007776 
0.052100 0.021773 0.000000 0.013997 0.021773 0.002333 0.002333 0.111975 0.058320 0.475894 0.006221 0.000778 0.003888 0.003110 0.003110 0.001555 0.001555 0.212286 0.000778 0.006221 

