MEME version 4

ALPHABET= ACDEFGHIKLMNPQRSTVWY

Background letter frequencies
A 0.1134 C 0.0105 D 0.0638 E 0.0702 F 0.0297 G 0.0889 H 0.0205 I 0.0614 K 0.0495 L 0.0963 
M 0.0246 N 0.0360 P 0.0427 Q 0.0317 R 0.0509 S 0.0508 T 0.0505 V 0.0702 W 0.0129 
Y 0.0257 

MOTIF MEME-1
letter-probability matrix: alength= 20 w= 30 nsites= 278 E= 0.000000
0.111511 0.000000 0.000000 0.000000 0.000000 0.003597 0.010791 0.046763 0.000000 0.017986 0.021583 0.021583 0.039568 0.035971 0.025180 0.053957 0.597122 0.010791 0.000000 0.003597 
0.593525 0.000000 0.017986 0.032374 0.000000 0.115108 0.000000 0.007194 0.032374 0.007194 0.007194 0.003597 0.093525 0.017986 0.007194 0.043165 0.010791 0.003597 0.000000 0.007194 
0.564748 0.021583 0.007194 0.075540 0.000000 0.021583 0.007194 0.000000 0.000000 0.000000 0.000000 0.010791 0.025180 0.057554 0.017986 0.107914 0.071942 0.007194 0.000000 0.003597 
0.251799 0.000000 0.035971 0.503597 0.000000 0.010791 0.000000 0.000000 0.000000 0.014388 0.032374 0.003597 0.039568 0.010791 0.010791 0.035971 0.043165 0.003597 0.000000 0.003597 
0.046763 0.000000 0.129496 0.000000 0.000000 0.010791 0.000000 0.003597 0.000000 0.003597 0.000000 0.028777 0.028777 0.000000 0.000000 0.176259 0.553957 0.017986 0.000000 0.000000 
0.046763 0.003597 0.079137 0.010791 0.003597 0.568345 0.003597 0.007194 0.000000 0.093525 0.000000 0.057554 0.007194 0.050360 0.003597 0.032374 0.028777 0.003597 0.000000 0.000000 
0.000000 0.000000 0.964029 0.000000 0.000000 0.000000 0.000000 0.000000 0.000000 0.003597 0.000000 0.003597 0.003597 0.000000 0.000000 0.021583 0.003597 0.000000 0.000000 0.000000 
0.017986 0.000000 0.000000 0.003597 0.000000 0.000000 0.000000 0.000000 0.007194 0.000000 0.000000 0.007194 0.000000 0.046763 0.834532 0.050360 0.032374 0.000000 0.000000 0.000000 
0.000000 0.000000 0.000000 0.000000 0.000000 0.000000 0.000000 0.982014 0.000000 0.003597 0.000000 0.000000 0.000000 0.000000 0.000000 0.000000 0.000000 0.014388 0.000000 0.000000 
0.208633 0.000000 0.021583 0.500000 0.000000 0.000000 0.000000 0.000000 0.046763 0.000000 0.000000 0.000000 0.000000 0.039568 0.014388 0.043165 0.061151 0.064748 0.000000 0.000000 
0.010791 0.000000 0.000000 0.003597 0.000000 0.007194 0.104317 0.000000 0.000000 0.000000 0.000000 0.010791 0.000000 0.000000 0.039568 0.053957 0.007194 0.000000 0.751799 0.010791 
0.035971 0.000000 0.000000 0.000000 0.000000 0.000000 0.000000 0.187050 0.000000 0.086331 0.003597 0.000000 0.000000 0.000000 0.000000 0.000000 0.000000 0.687050 0.000000 0.000000 
0.014388 0.000000 0.000000 0.007194 0.000000 0.000000 0.000000 0.000000 0.607914 0.000000 0.000000 0.043165 0.000000 0.014388 0.276978 0.028777 0.007194 0.000000 0.000000 0.000000 
0.007194 0.000000 0.000000 0.000000 0.003597 0.000000 0.000000 0.053957 0.000000 0.766187 0.007194 0.000000 0.000000 0.000000 0.000000 0.000000 0.000000 0.161871 0.000000 0.000000 
0.075540 0.000000 0.000000 0.025180 0.000000 0.000000 0.000000 0.000000 0.000000 0.000000 0.000000 0.000000 0.000000 0.003597 0.046763 0.841727 0.007194 0.000000 0.000000 0.000000 
0.000000 0.000000 0.000000 0.000000 0.000000 0.000000 0.003597 0.000000 0.000000 0.593525 0.003597 0.000000 0.000000 0.000000 0.000000 0.388489 0.003597 0.000000 0.000000 0.007194 
0.528777 0.079137 0.000000 0.000000 0.025180 0.000000 0.003597 0.014388 0.000000 0.000000 0.000000 0.000000 0.000000 0.000000 0.000000 0.017986 0.043165 0.284173 0.000000 0.003597 
0.071942 0.000000 0.003597 0.000000 0.622302 0.000000 0.000000 0.028777 0.003597 0.039568 0.000000 0.021583 0.000000 0.003597 0.007194 0.000000 0.057554 0.028777 0.000000 0.111511 
0.000000 0.000000 0.000000 0.000000 0.000000 0.000000 0.000000 0.003597 0.000000 0.964029 0.000000 0.000000 0.000000 0.000000 0.000000 0.000000 0.000000 0.032374 0.000000 0.000000 
0.000000 0.000000 0.000000 0.000000 0.000000 0.000000 0.000000 0.000000 0.000000 0.000000 0.000000 0.000000 1.000000 0.000000 0.000000 0.000000 0.000000 0.000000 0.000000 0.000000 
0.000000 0.000000 0.000000 0.000000 0.000000 0.000000 0.000000 0.000000 0.000000 1.000000 0.000000 0.000000 0.000000 0.000000 0.000000 0.000000 0.000000 0.000000 0.000000 0.000000 
0.920863 0.000000 0.032374 0.000000 0.000000 0.003597 0.000000 0.000000 0.014388 0.000000 0.000000 0.000000 0.007194 0.000000 0.000000 0.014388 0.003597 0.003597 0.000000 0.000000 
0.046763 0.000000 0.003597 0.032374 0.000000 0.000000 0.003597 0.000000 0.000000 0.000000 0.000000 0.154676 0.000000 0.010791 0.032374 0.007194 0.701439 0.007194 0.000000 0.000000 
0.014388 0.000000 0.000000 0.000000 0.000000 0.003597 0.000000 0.000000 0.000000 0.003597 0.000000 0.000000 0.946043 0.000000 0.000000 0.000000 0.000000 0.032374 0.000000 0.000000 
0.000000 0.000000 0.000000 0.000000 0.000000 0.000000 0.000000 0.410072 0.000000 0.032374 0.000000 0.000000 0.000000 0.000000 0.000000 0.000000 0.000000 0.557554 0.000000 0.000000 
0.000000 0.000000 0.000000 0.000000 0.000000 0.000000 0.000000 0.000000 0.000000 0.000000 0.000000 0.021583 0.000000 0.000000 0.000000 0.971223 0.003597 0.003597 0.000000 0.000000 
0.000000 0.000000 1.000000 0.000000 0.000000 0.000000 0.000000 0.000000 0.000000 0.000000 0.000000 0.000000 0.000000 0.000000 0.000000 0.000000 0.000000 0.000000 0.000000 0.000000 
1.000000 0.000000 0.000000 0.000000 0.000000 0.000000 0.000000 0.000000 0.000000 0.000000 0.000000 0.000000 0.000000 0.000000 0.000000 0.000000 0.000000 0.000000 0.000000 0.000000 
0.000000 0.000000 0.000000 0.000000 0.000000 0.000000 0.000000 0.000000 1.000000 0.000000 0.000000 0.000000 0.000000 0.000000 0.000000 0.000000 0.000000 0.000000 0.000000 0.000000 
0.000000 0.000000 0.000000 0.000000 0.000000 0.000000 0.032374 0.000000 0.000000 0.000000 0.000000 0.000000 0.000000 0.000000 0.000000 0.000000 0.000000 0.967626 0.000000 0.000000 

MOTIF MEME-2
letter-probability matrix: alength= 20 w= 30 nsites= 1759 E= 0.000000
0.009101 0.006257 0.000000 0.000000 0.000569 0.073379 0.000000 0.086462 0.001706 0.002275 0.001138 0.000000 0.000000 0.000000 0.000000 0.172924 0.001706 0.618885 0.000000 0.025597 
0.000000 0.001706 0.000000 0.072810 0.000000 0.000000 0.000000 0.309443 0.179750 0.065415 0.000000 0.000000 0.000000 0.000000 0.001706 0.023322 0.002844 0.343003 0.000000 0.000000 
0.075654 0.002844 0.000000 0.693402 0.000000 0.023322 0.000000 0.000000 0.000000 0.000000 0.000000 0.000000 0.014221 0.000000 0.179750 0.007964 0.002844 0.000000 0.000000 0.000000 
0.192833 0.000000 0.000000 0.000000 0.000000 0.698521 0.000000 0.000000 0.000000 0.000000 0.000000 0.000000 0.000000 0.000000 0.000000 0.012514 0.023322 0.000000 0.000000 0.072810 
0.000000 0.000000 0.000000 0.000000 0.005119 0.184300 0.025597 0.000000 0.070535 0.000000 0.000000 0.000000 0.000000 0.000569 0.631968 0.000000 0.000000 0.000000 0.072810 0.009101 
0.692833 0.001138 0.000000 0.002844 0.000000 0.253129 0.000000 0.000000 0.000000 0.000000 0.000000 0.000000 0.001138 0.001706 0.000000 0.008532 0.034699 0.003982 0.000000 0.000000 
0.159272 0.000000 0.023891 0.060865 0.000000 0.021047 0.188282 0.000000 0.009670 0.078498 0.000000 0.005688 0.096701 0.091013 0.247440 0.015358 0.000569 0.000569 0.000000 0.001138 
0.037543 0.000000 0.000000 0.000000 0.000000 0.249147 0.000000 0.002275 0.000000 0.000000 0.000000 0.000000 0.005119 0.000000 0.000000 0.093857 0.610353 0.001706 0.000000 0.000000 
0.020478 0.001138 0.011377 0.003413 0.000000 0.000569 0.000000 0.086462 0.000000 0.006257 0.003982 0.000000 0.000000 0.091581 0.000000 0.000000 0.009101 0.763936 0.000000 0.001706 
0.187144 0.000000 0.005119 0.350967 0.065415 0.007395 0.008532 0.000000 0.051195 0.005119 0.000569 0.000000 0.056883 0.035836 0.076223 0.001138 0.007395 0.023891 0.000000 0.117179 
0.854380 0.001138 0.000569 0.067122 0.000000 0.001706 0.001706 0.002844 0.001138 0.000000 0.000000 0.000000 0.000000 0.001138 0.005119 0.008532 0.053470 0.001138 0.000000 0.000000 
0.641638 0.036974 0.000000 0.000000 0.000000 0.049488 0.179750 0.018771 0.003413 0.053470 0.004551 0.000000 0.000000 0.000000 0.000000 0.002275 0.003413 0.006257 0.000000 0.000000 
0.199659 0.000000 0.000000 0.002844 0.000000 0.000569 0.000000 0.091013 0.001706 0.010808 0.001138 0.000000 0.000569 0.000000 0.000000 0.000000 0.000569 0.691126 0.000000 0.000000 
0.031286 0.005688 0.066553 0.229807 0.000000 0.011377 0.364050 0.005119 0.162116 0.008532 0.003982 0.013083 0.000000 0.039249 0.031286 0.011377 0.002275 0.000569 0.000000 0.013652 
0.000569 0.000000 0.001706 0.906712 0.000569 0.000000 0.003413 0.000569 0.000000 0.000000 0.000000 0.000000 0.000000 0.005688 0.072241 0.000569 0.000569 0.007395 0.000000 0.000000 
0.000000 0.001706 0.000000 0.000000 0.032423 0.000000 0.000000 0.164960 0.000000 0.636519 0.122298 0.000000 0.000000 0.000569 0.000000 0.001138 0.000000 0.038680 0.001706 0.000000 
0.389078 0.001138 0.000000 0.039818 0.005688 0.167235 0.000000 0.000000 0.040956 0.000000 0.059727 0.000000 0.000000 0.002275 0.006257 0.261661 0.025597 0.000569 0.000000 0.000000 
0.004551 0.000000 0.563140 0.195108 0.000000 0.030717 0.001706 0.000000 0.009101 0.000000 0.000000 0.009101 0.160978 0.009101 0.003413 0.006257 0.005688 0.000000 0.000000 0.001138 
0.032423 0.000569 0.001706 0.006826 0.084755 0.017634 0.022184 0.001138 0.009670 0.031286 0.004551 0.100683 0.000569 0.011945 0.010239 0.009670 0.022184 0.012514 0.000569 0.618885 
0.002844 0.000000 0.000000 0.000000 0.003413 0.000000 0.000000 0.043231 0.000000 0.877702 0.003982 0.000000 0.000000 0.000000 0.000000 0.000000 0.000000 0.068828 0.000000 0.000000 
0.000569 0.000569 0.000569 0.009670 0.000000 0.000000 0.000000 0.629693 0.000000 0.151308 0.004551 0.000000 0.000000 0.009101 0.006257 0.000569 0.006826 0.179750 0.000000 0.000569 
0.000569 0.000000 0.005688 0.001138 0.000000 0.988623 0.000000 0.000000 0.000000 0.000000 0.000000 0.000000 0.000000 0.001138 0.000000 0.002844 0.000000 0.000000 0.000000 0.000000 
0.015927 0.000000 0.002275 0.262230 0.000000 0.000000 0.001706 0.000000 0.327645 0.009670 0.000000 0.001706 0.000000 0.281570 0.090444 0.002275 0.002275 0.001138 0.001138 0.000000 
0.000569 0.000000 0.858362 0.002844 0.000000 0.001138 0.000000 0.000000 0.000569 0.000000 0.000000 0.130262 0.001138 0.000000 0.000000 0.004551 0.000569 0.000000 0.000000 0.000000 
0.018771 0.000000 0.000000 0.000000 0.000000 0.000000 0.000000 0.000000 0.000000 0.000000 0.000000 0.000000 0.980091 0.000569 0.000000 0.000569 0.000000 0.000000 0.000000 0.000000 
0.163161 0.001137 0.002274 0.000569 0.074474 0.009096 0.015918 0.000000 0.000000 0.209778 0.036953 0.130756 0.000000 0.008528 0.172825 0.159750 0.014213 0.000000 0.000000 0.000569 
0.008528 0.001706 0.273451 0.027857 0.000569 0.000000 0.028994 0.000000 0.014213 0.105742 0.002274 0.114269 0.003411 0.029562 0.384309 0.002274 0.002843 0.000000 0.000000 0.000000 
0.000000 0.000000 0.000000 0.000000 0.000000 0.000000 0.000000 0.965890 0.000000 0.009096 0.007391 0.000000 0.000000 0.000000 0.000000 0.000000 0.001706 0.015918 0.000000 0.000000 
0.057987 0.000000 0.170551 0.469585 0.000000 0.032973 0.000000 0.000000 0.000000 0.000000 0.000000 0.249005 0.000000 0.010233 0.000000 0.008528 0.001137 0.000000 0.000000 0.000000 
0.007959 0.000000 0.642979 0.013076 0.000000 0.011370 0.018761 0.000000 0.152359 0.007391 0.000000 0.000569 0.000569 0.001137 0.139284 0.000000 0.001137 0.000569 0.000000 0.002843 

MOTIF MEME-3
letter-probability matrix: alength= 20 w= 30 nsites= 3206 E= 0.000000
0.005303 0.000312 0.441672 0.010293 0.000312 0.004367 0.152527 0.178104 0.000000 0.146912 0.036806 0.010293 0.000000 0.003431 0.001248 0.000000 0.002807 0.003431 0.000000 0.002183 
0.003431 0.000624 0.099813 0.000000 0.043044 0.000312 0.181223 0.172489 0.000000 0.158453 0.003431 0.010605 0.000000 0.000000 0.000000 0.001560 0.004055 0.009357 0.220524 0.091079 
0.010605 0.000000 0.136931 0.065814 0.004991 0.000312 0.001560 0.000312 0.000000 0.004367 0.000000 0.008734 0.000000 0.164691 0.000936 0.007174 0.066750 0.000312 0.523706 0.002807 
0.004367 0.000000 0.004055 0.007798 0.008734 0.012789 0.004055 0.000312 0.155334 0.004991 0.102932 0.057392 0.000000 0.504991 0.034311 0.005614 0.086089 0.006238 0.000000 0.000000 
0.012488 0.000624 0.000312 0.002498 0.011239 0.000624 0.004683 0.008117 0.005620 0.245083 0.277240 0.001561 0.000312 0.001249 0.003122 0.003122 0.081798 0.294099 0.000000 0.046207 
0.027760 0.022458 0.000312 0.008422 0.044916 0.027760 0.000000 0.011853 0.000000 0.274797 0.253899 0.061135 0.000000 0.010293 0.000000 0.031503 0.001560 0.014660 0.001248 0.207424 
0.102932 0.000000 0.000000 0.000312 0.031503 0.000312 0.019651 0.000312 0.010293 0.004367 0.000000 0.024017 0.000000 0.009046 0.144105 0.005303 0.034311 0.000624 0.176232 0.436681 
0.209919 0.000312 0.000624 0.000624 0.000000 0.019651 0.030568 0.000000 0.068621 0.001248 0.000624 0.000936 0.000624 0.011853 0.497505 0.055209 0.101061 0.000312 0.000000 0.000312 
0.159077 0.000936 0.000000 0.000000 0.006238 0.371179 0.013100 0.020586 0.002183 0.119152 0.033999 0.002183 0.000000 0.004679 0.000936 0.116344 0.144105 0.004991 0.000312 0.000000 
0.154182 0.000624 0.000000 0.000000 0.002809 0.429775 0.095818 0.002809 0.000000 0.063670 0.063983 0.000312 0.000000 0.023096 0.028714 0.026841 0.007179 0.001873 0.000000 0.098315 
0.074860 0.002495 0.016532 0.000000 0.543980 0.000000 0.000624 0.000000 0.000000 0.000000 0.000000 0.004055 0.001560 0.000000 0.003431 0.099501 0.000624 0.000000 0.000000 0.252339 
0.011853 0.000000 0.000000 0.000000 0.006862 0.000312 0.000000 0.001248 0.000000 0.000312 0.002183 0.000000 0.000000 0.016532 0.000000 0.089520 0.000312 0.127885 0.124766 0.618216 
0.003119 0.000000 0.000000 0.000000 0.000000 0.464442 0.000000 0.000000 0.000000 0.000000 0.000000 0.000000 0.000312 0.000000 0.531192 0.000936 0.000000 0.000000 0.000000 0.000000 
0.000000 0.000312 0.000000 0.000000 0.000312 0.486588 0.000000 0.000000 0.000000 0.000000 0.000000 0.000000 0.000000 0.016843 0.397068 0.097941 0.000000 0.000000 0.000000 0.000936 
0.000000 0.000000 0.000000 0.000000 0.000000 0.665939 0.000000 0.000000 0.209607 0.000000 0.000000 0.000000 0.000000 0.000000 0.025265 0.099189 0.000000 0.000000 0.000000 0.000000 
0.092327 0.000000 0.000000 0.004367 0.000000 0.485964 0.000000 0.000000 0.000000 0.000000 0.000000 0.000624 0.413288 0.000000 0.000000 0.001248 0.000312 0.001871 0.000000 0.000000 
0.006862 0.000000 0.000000 0.000624 0.000312 0.000000 0.000000 0.407361 0.000000 0.245789 0.052090 0.000000 0.000000 0.000000 0.000000 0.000000 0.000312 0.286650 0.000000 0.000000 
0.125702 0.000000 0.000624 0.000000 0.049906 0.062695 0.080786 0.001248 0.000000 0.293512 0.027449 0.000000 0.056457 0.000000 0.000000 0.024953 0.095758 0.180911 0.000000 0.000000 
0.005616 0.000624 0.000000 0.000000 0.000000 0.000312 0.000000 0.046490 0.000000 0.052106 0.660218 0.002184 0.000312 0.000312 0.000000 0.071451 0.049610 0.110764 0.000000 0.000000 
0.126677 0.000624 0.000000 0.000000 0.033697 0.000312 0.000000 0.000936 0.000312 0.000000 0.000312 0.175039 0.000000 0.103276 0.008424 0.501092 0.041186 0.006864 0.001248 0.000000 
0.800936 0.000936 0.000000 0.000000 0.000000 0.004368 0.000000 0.005616 0.000000 0.000000 0.000000 0.000000 0.000000 0.000000 0.000000 0.000936 0.141030 0.046178 0.000000 0.000000 
0.000624 0.000000 0.000000 0.000000 0.000000 0.000000 0.000000 0.767239 0.000000 0.177847 0.010608 0.000000 0.000000 0.000624 0.000000 0.000000 0.002496 0.040562 0.000000 0.000000 
0.440562 0.000000 0.000000 0.000000 0.000000 0.022465 0.000000 0.000000 0.000000 0.000000 0.000000 0.000000 0.000000 0.000000 0.000000 0.536661 0.000312 0.000000 0.000000 0.000000 
0.214353 0.102652 0.000000 0.000000 0.000000 0.569423 0.000000 0.000000 0.000000 0.000000 0.000000 0.000000 0.049298 0.000000 0.000000 0.001248 0.003432 0.059594 0.000000 0.000000 
0.001872 0.000624 0.000000 0.000000 0.044930 0.000000 0.000000 0.564743 0.000000 0.049922 0.001560 0.000000 0.000000 0.000000 0.000000 0.000000 0.000312 0.335101 0.000000 0.000936 
0.000000 0.000000 0.987520 0.011856 0.000000 0.000000 0.000000 0.000000 0.000000 0.000000 0.000000 0.000624 0.000000 0.000000 0.000000 0.000000 0.000000 0.000000 0.000000 0.000000 
0.000000 0.000000 0.000000 0.000000 0.000000 0.000000 0.001560 0.224961 0.000000 0.268955 0.025273 0.000000 0.000000 0.409360 0.000000 0.000000 0.025897 0.043994 0.000000 0.000000 
0.996257 0.000312 0.000000 0.000000 0.000000 0.003119 0.000000 0.000000 0.000000 0.000000 0.000000 0.000000 0.000000 0.000000 0.000000 0.000000 0.000312 0.000000 0.000000 0.000000 
0.000000 0.000000 0.000000 0.000000 0.000624 0.000000 0.000000 0.082034 0.000000 0.914535 0.001560 0.000000 0.000000 0.000000 0.000000 0.000000 0.000000 0.001248 0.000000 0.000000 
0.000000 0.000000 0.000000 0.000000 0.000000 0.000000 0.000312 0.000000 0.000000 0.000000 0.000000 0.000000 0.000000 0.000000 0.000000 0.000000 0.000000 0.000000 0.982533 0.017155 

MOTIF MEME-4
letter-probability matrix: alength= 20 w= 30 nsites= 1720 E= 0.000000
0.108140 0.000000 0.023837 0.081977 0.000581 0.255814 0.008721 0.004651 0.032558 0.002326 0.000000 0.022674 0.300000 0.021512 0.011047 0.058140 0.053488 0.014535 0.000000 0.000000 
0.004651 0.000000 0.004070 0.000581 0.000581 0.548837 0.003488 0.000000 0.114535 0.191860 0.000581 0.008140 0.000000 0.030233 0.008140 0.009884 0.074419 0.000000 0.000000 0.000000 
0.108721 0.000000 0.002907 0.015116 0.000000 0.001744 0.000581 0.000000 0.373256 0.012791 0.005233 0.000000 0.145930 0.016860 0.256395 0.055814 0.004070 0.000581 0.000000 0.000000 
0.468605 0.000581 0.028488 0.118023 0.000581 0.043023 0.001744 0.001744 0.041279 0.186047 0.000000 0.005233 0.008140 0.054070 0.013372 0.014535 0.008721 0.005814 0.000000 0.000000 
0.260465 0.000000 0.034302 0.405814 0.000000 0.020930 0.000581 0.000581 0.002326 0.006395 0.000581 0.001163 0.000000 0.092442 0.137791 0.020930 0.009884 0.005814 0.000000 0.000000 
0.000000 0.002326 0.000000 0.000000 0.002326 0.000000 0.001163 0.068023 0.164535 0.039535 0.002907 0.000000 0.000000 0.000000 0.713953 0.000000 0.000000 0.005233 0.000000 0.000000 
0.069767 0.000000 0.000000 0.204070 0.008140 0.000000 0.000581 0.264535 0.037791 0.229070 0.015116 0.000000 0.000000 0.039535 0.040116 0.004651 0.056395 0.029070 0.001163 0.000000 
0.426744 0.000000 0.060465 0.152907 0.000581 0.013953 0.008140 0.003488 0.035465 0.183721 0.000581 0.004651 0.000000 0.038372 0.040116 0.009302 0.020349 0.001163 0.000000 0.000000 
0.150581 0.000000 0.016860 0.106395 0.000581 0.189535 0.036047 0.029651 0.027907 0.039535 0.002326 0.003488 0.000000 0.080233 0.132558 0.006395 0.138372 0.025000 0.000581 0.013953 
0.125000 0.000000 0.000000 0.050000 0.003488 0.000000 0.000000 0.016860 0.005814 0.620349 0.099419 0.000000 0.000000 0.000581 0.002907 0.061047 0.000581 0.013953 0.000000 0.000000 
0.033140 0.000581 0.012791 0.183721 0.001744 0.001163 0.144186 0.035465 0.072093 0.266279 0.007558 0.029651 0.000000 0.062791 0.102907 0.013372 0.006977 0.004651 0.001744 0.019186 
0.230814 0.000581 0.023837 0.162791 0.000000 0.001744 0.004651 0.000581 0.065116 0.003488 0.002326 0.077907 0.000000 0.037791 0.316860 0.059302 0.008140 0.004070 0.000000 0.000000 
0.004651 0.003488 0.240116 0.289535 0.000000 0.008140 0.059884 0.001744 0.034302 0.003488 0.000000 0.034302 0.000000 0.090116 0.143023 0.018023 0.053488 0.013372 0.000581 0.001744 
0.120930 0.000000 0.000000 0.000000 0.000000 0.699419 0.000000 0.000000 0.000000 0.000000 0.000000 0.000000 0.000000 0.000000 0.000000 0.176163 0.003488 0.000000 0.000000 0.000000 
0.000000 0.000000 0.000000 0.000000 0.031395 0.000000 0.000000 0.001163 0.000000 0.002326 0.000000 0.000000 0.000000 0.000000 0.000000 0.000000 0.000000 0.301744 0.000000 0.663372 
0.073837 0.000000 0.000000 0.000000 0.000000 0.000581 0.000000 0.000000 0.002326 0.000000 0.000581 0.000000 0.720930 0.108721 0.091860 0.001163 0.000000 0.000000 0.000000 0.000000 
0.477326 0.399419 0.000000 0.000000 0.000000 0.080814 0.000000 0.000581 0.000000 0.000000 0.000000 0.000000 0.000000 0.000000 0.000000 0.012209 0.026744 0.002907 0.000000 0.000000 
0.000000 0.000000 0.000000 0.000000 0.000000 0.000000 0.000000 0.000000 0.000000 0.000000 0.000000 0.000000 0.000000 0.000000 0.000000 0.000000 0.000000 0.000000 0.000000 1.000000 
0.008721 0.000581 0.000000 0.000000 0.000000 0.000000 0.000000 0.000000 0.000000 0.000000 0.000000 0.189535 0.000000 0.000000 0.000000 0.027907 0.772093 0.001163 0.000000 0.000000 
0.000581 0.000000 0.000000 0.000000 0.000000 0.000000 0.000000 0.000000 0.000000 0.000000 0.000000 0.000000 0.000000 0.000000 0.000000 0.001163 0.998256 0.000000 0.000000 0.000000 
0.030233 0.000000 0.000000 0.004651 0.000000 0.000000 0.000000 0.000000 0.000000 0.000000 0.000000 0.000000 0.000000 0.008721 0.000000 0.890116 0.066279 0.000000 0.000000 0.000000 
0.475581 0.019186 0.000000 0.000000 0.000000 0.185465 0.000000 0.000000 0.000000 0.000000 0.000000 0.000000 0.302907 0.000000 0.000000 0.000000 0.000581 0.016279 0.000000 0.000000 
0.019186 0.000000 0.000000 0.000000 0.000000 0.980814 0.000000 0.000000 0.000000 0.000000 0.000000 0.000000 0.000000 0.000000 0.000000 0.000000 0.000000 0.000000 0.000000 0.000000 
0.000000 0.000000 0.000000 0.000000 0.181395 0.000000 0.000000 0.000000 0.000000 0.000000 0.000000 0.000000 0.000000 0.000000 0.000000 0.000000 0.000000 0.000000 0.814535 0.004070 
0.000000 0.000000 0.000000 0.000000 0.006977 0.000000 0.000000 0.005233 0.000000 0.986047 0.001163 0.000000 0.000000 0.000000 0.000000 0.000581 0.000000 0.000000 0.000000 0.000000 
0.008721 0.000000 0.000000 0.000000 0.000000 0.805814 0.159302 0.000000 0.000000 0.000581 0.000000 0.018605 0.000000 0.000000 0.000000 0.006977 0.000000 0.000000 0.000000 0.000000 
0.024419 0.000000 0.000000 0.000581 0.019767 0.000000 0.014535 0.000000 0.000000 0.000581 0.002326 0.000000 0.000000 0.000000 0.000000 0.002326 0.152907 0.002907 0.000000 0.779651 
0.004651 0.000581 0.226163 0.013953 0.000581 0.100000 0.000000 0.000000 0.000000 0.000000 0.000000 0.004070 0.226744 0.000000 0.000000 0.401744 0.021512 0.000000 0.000000 0.000000 
0.000581 0.000000 0.666279 0.113372 0.000000 0.008721 0.004070 0.016279 0.010465 0.152326 0.000000 0.004070 0.004070 0.001163 0.000581 0.000000 0.016279 0.001744 0.000000 0.000000 
0.113953 0.000000 0.418605 0.433721 0.000000 0.009884 0.000000 0.000000 0.001163 0.000000 0.000000 0.001163 0.000000 0.009302 0.001163 0.006395 0.002907 0.001163 0.000000 0.000581 

MOTIF MEME-5
letter-probability matrix: alength= 20 w= 30 nsites= 13476 E= 0.000000
0.000000 0.000000 0.000000 0.000000 0.696178 0.000000 0.000000 0.005195 0.000000 0.062338 0.001336 0.000000 0.000000 0.000000 0.000148 0.000074 0.203191 0.006382 0.000000 0.025158 
0.005194 0.033690 0.000000 0.000000 0.000000 0.000297 0.000000 0.000000 0.000000 0.000000 0.000668 0.006456 0.000000 0.000000 0.000000 0.000148 0.012021 0.941526 0.000000 0.000000 
0.000223 0.000000 0.000148 0.000000 0.000074 0.000000 0.000000 0.000074 0.000000 0.000000 0.000148 0.000000 0.000371 0.000000 0.000000 0.002523 0.996438 0.000000 0.000000 0.000000 
0.000000 0.000223 0.009276 0.000000 0.000000 0.000074 0.001410 0.000000 0.000297 0.000000 0.000000 0.975883 0.000000 0.001929 0.000965 0.009721 0.000223 0.000000 0.000000 0.000000 
0.040294 0.002375 0.000371 0.018329 0.000148 0.006679 0.000594 0.015212 0.014173 0.004156 0.001484 0.000074 0.462155 0.001039 0.002004 0.026343 0.300831 0.103072 0.000074 0.000594 
0.076666 0.000074 0.052026 0.221760 0.000223 0.011949 0.001336 0.009574 0.421404 0.015511 0.000668 0.012394 0.000371 0.026124 0.029984 0.044753 0.062120 0.012914 0.000074 0.000074 
0.000000 0.000371 0.000000 0.000223 0.044375 0.000223 0.000445 0.231374 0.040220 0.044227 0.000816 0.000297 0.000000 0.002078 0.584372 0.000148 0.003339 0.001410 0.000297 0.045785 
0.000668 0.000000 0.000000 0.000000 0.020481 0.000000 0.000000 0.246067 0.000000 0.668373 0.000297 0.000000 0.000000 0.000000 0.000000 0.000074 0.003042 0.060997 0.000000 0.000000 
0.289669 0.000816 0.004453 0.100045 0.000074 0.008832 0.007496 0.001336 0.224803 0.002004 0.000816 0.007941 0.000074 0.148434 0.091584 0.084904 0.021226 0.004676 0.000223 0.000594 
0.009722 0.002301 0.052319 0.221967 0.000223 0.000445 0.001781 0.003785 0.293803 0.002597 0.033618 0.004082 0.000000 0.071020 0.198145 0.003340 0.098627 0.001262 0.000594 0.000371 
0.274933 0.000223 0.000000 0.000000 0.000594 0.716682 0.000074 0.000000 0.000000 0.000000 0.000000 0.000000 0.006382 0.000000 0.000074 0.000519 0.000074 0.000223 0.000000 0.000223 
0.011650 0.000445 0.000074 0.000816 0.001781 0.002597 0.000074 0.816785 0.000668 0.017884 0.002968 0.000371 0.000000 0.000594 0.000668 0.001633 0.001558 0.139285 0.000000 0.000148 
0.057610 0.000148 0.183296 0.476540 0.000000 0.014180 0.002747 0.006236 0.108241 0.003489 0.002747 0.028137 0.000000 0.033630 0.031106 0.036748 0.010616 0.004232 0.000000 0.000297 
0.022935 0.001039 0.021673 0.212796 0.000816 0.008090 0.002598 0.001856 0.357307 0.078305 0.064202 0.043717 0.000074 0.070363 0.053440 0.027611 0.027462 0.005121 0.000074 0.000520 
0.007792 0.000668 0.016771 0.008608 0.000445 0.492950 0.017216 0.000445 0.336969 0.000668 0.000371 0.067676 0.000000 0.009795 0.018997 0.013431 0.000223 0.006901 0.000074 0.000000 
0.352924 0.047195 0.000148 0.000000 0.000297 0.000074 0.000000 0.220985 0.000074 0.033318 0.013802 0.000148 0.000074 0.001484 0.005194 0.080885 0.046230 0.192045 0.002375 0.002746 
0.556100 0.242728 0.000297 0.000000 0.000000 0.156129 0.000000 0.003339 0.006382 0.000445 0.002894 0.000074 0.000000 0.000000 0.000000 0.014990 0.009573 0.006901 0.000000 0.000148 
0.000000 0.000000 0.008088 0.000000 0.000000 0.000000 0.000000 0.000000 0.001262 0.000000 0.000000 0.982710 0.000000 0.000000 0.000371 0.003339 0.004156 0.000000 0.000000 0.000074 
0.314485 0.147744 0.000000 0.000000 0.000148 0.016400 0.000000 0.000000 0.000000 0.000000 0.000000 0.000890 0.000000 0.000000 0.000000 0.508014 0.005120 0.006901 0.000000 0.000297 
0.019000 0.000148 0.000000 0.000000 0.000742 0.000000 0.000000 0.529464 0.000000 0.356464 0.011133 0.000000 0.000074 0.000000 0.000000 0.006308 0.002969 0.073623 0.000000 0.000074 
0.000000 0.000000 0.000000 0.000000 0.000148 0.000000 0.000000 0.014694 0.000000 0.984712 0.000000 0.000000 0.000074 0.000000 0.000000 0.000000 0.000000 0.000371 0.000000 0.000000 
0.000000 0.000148 0.000000 0.000000 0.000371 0.000000 0.000000 0.518180 0.000000 0.247106 0.000148 0.000000 0.000074 0.000000 0.000000 0.006382 0.000000 0.227516 0.000074 0.000000 
0.000000 0.000000 0.000000 0.000000 0.000000 0.000000 0.000000 0.000000 0.993470 0.000000 0.000000 0.000000 0.000000 0.000000 0.006530 0.000000 0.000000 0.000000 0.000000 0.000000 
0.002375 0.000371 0.000000 0.006382 0.094026 0.000074 0.000000 0.036883 0.000000 0.140037 0.002523 0.000000 0.074360 0.000000 0.000000 0.000000 0.000074 0.633766 0.000000 0.009128 
0.000000 0.000000 0.001039 0.000000 0.000000 0.000000 0.000445 0.000000 0.000000 0.000000 0.000000 0.997996 0.000000 0.000000 0.000000 0.000297 0.000148 0.000000 0.000000 0.000074 
0.000000 0.000000 0.000000 0.000000 0.000000 0.006382 0.000000 0.000000 0.000000 0.000000 0.000000 0.000000 0.000000 0.993544 0.000074 0.000000 0.000000 0.000000 0.000000 0.000000 
0.008683 0.000074 0.000000 0.000000 0.000148 0.000000 0.000000 0.977440 0.000000 0.000000 0.000148 0.002301 0.000000 0.000074 0.000371 0.000000 0.000223 0.010538 0.000000 0.000000 
0.000074 0.000000 0.000223 0.000000 0.000000 0.999406 0.000000 0.000000 0.000000 0.000000 0.000000 0.000000 0.000000 0.000000 0.000074 0.000148 0.000000 0.000000 0.000074 0.000000 
0.000074 0.000074 0.000000 0.000074 0.000148 0.006382 0.000000 0.000074 0.000000 0.001187 0.000000 0.000000 0.000297 0.000000 0.000000 0.422306 0.569308 0.000000 0.000000 0.000074 
0.000148 0.000000 0.000000 0.000000 0.000965 0.000000 0.000074 0.084372 0.000000 0.651603 0.001262 0.000000 0.000000 0.000000 0.000000 0.000074 0.000000 0.261502 0.000000 0.000000 

MOTIF MEME-6
letter-probability matrix: alength= 20 w= 30 nsites= 23179 E= 0.000000
0.067222 0.000604 0.152134 0.127713 0.021487 0.039134 0.014152 0.000561 0.232601 0.001251 0.000431 0.053890 0.100531 0.081029 0.059283 0.027657 0.014756 0.002200 0.000388 0.002977 
0.036371 0.002632 0.000345 0.001035 0.184874 0.016222 0.014583 0.011304 0.006299 0.082406 0.007033 0.013720 0.011131 0.004616 0.001941 0.011002 0.000604 0.014410 0.001208 0.578264 
0.009578 0.000475 0.084692 0.023600 0.000518 0.103115 0.009837 0.001165 0.051773 0.001251 0.000173 0.077013 0.560963 0.016265 0.046035 0.004832 0.005393 0.003063 0.000000 0.000259 
0.000216 0.000949 0.000000 0.000000 0.002718 0.000129 0.000000 0.546208 0.000000 0.180991 0.029899 0.000000 0.118474 0.000000 0.000000 0.000000 0.000086 0.120200 0.000000 0.000129 
0.036499 0.006256 0.077139 0.068251 0.032184 0.001553 0.032875 0.191768 0.029725 0.061651 0.034816 0.005954 0.000733 0.003969 0.014582 0.008111 0.008844 0.330860 0.033349 0.020881 
0.005220 0.000518 0.000000 0.000086 0.125502 0.000000 0.000043 0.001769 0.000000 0.104319 0.019630 0.000129 0.000043 0.000043 0.000000 0.550239 0.039260 0.003193 0.135252 0.014755 
0.001596 0.001337 0.000000 0.000000 0.017947 0.000000 0.000000 0.805125 0.000000 0.062211 0.007593 0.000000 0.000000 0.000000 0.000000 0.000173 0.000086 0.081884 0.008628 0.013417 
0.000000 0.000000 0.000000 1.000000 0.000000 0.000000 0.000000 0.000000 0.000000 0.000000 0.000000 0.000000 0.000000 0.000000 0.000000 0.000000 0.000000 0.000000 0.000000 0.000000 
0.000000 0.000000 0.592605 0.202295 0.000000 0.000000 0.000000 0.000000 0.000000 0.000000 0.000000 0.000043 0.000000 0.205013 0.000000 0.000000 0.000000 0.000043 0.000000 0.000000 
0.034341 0.023124 0.000000 0.000000 0.000173 0.322318 0.000000 0.000259 0.000000 0.000129 0.000043 0.000000 0.611243 0.000000 0.000000 0.001553 0.000475 0.006342 0.000000 0.000000 
0.000906 0.022047 0.000000 0.000000 0.162352 0.010527 0.001424 0.063077 0.000129 0.349254 0.144016 0.000000 0.000000 0.005177 0.000000 0.000086 0.076624 0.157952 0.000000 0.006429 
0.194115 0.002761 0.320404 0.005393 0.012210 0.016741 0.038055 0.019934 0.034172 0.062260 0.000949 0.012297 0.079001 0.011822 0.022479 0.153644 0.001036 0.006170 0.000345 0.006213 
0.138789 0.004703 0.004012 0.452824 0.000604 0.002934 0.002114 0.011692 0.019500 0.000690 0.001467 0.000345 0.144441 0.140645 0.032400 0.030157 0.002071 0.006860 0.000863 0.002891 
0.013116 0.000475 0.442273 0.162309 0.000992 0.048624 0.030028 0.004487 0.015403 0.012296 0.000388 0.116749 0.000733 0.029166 0.008586 0.076581 0.009190 0.000647 0.008025 0.019933 
0.003969 0.000000 0.783329 0.010225 0.000000 0.005350 0.023816 0.000000 0.000345 0.001294 0.000000 0.093019 0.000000 0.075848 0.000690 0.001424 0.000043 0.000000 0.000000 0.000647 
0.029466 0.000259 0.010484 0.004185 0.046810 0.000302 0.011303 0.083265 0.002804 0.051512 0.006428 0.013374 0.016265 0.007766 0.029768 0.002071 0.015790 0.055222 0.557444 0.055481 
0.162762 0.000345 0.261359 0.382654 0.001294 0.018296 0.005135 0.002762 0.011219 0.048501 0.001467 0.009838 0.009148 0.017044 0.005005 0.028565 0.012945 0.010399 0.010227 0.001036 
0.189741 0.001381 0.027999 0.018853 0.000259 0.618361 0.013590 0.000690 0.003279 0.013806 0.001985 0.020622 0.000388 0.003667 0.001381 0.038095 0.017343 0.010182 0.000000 0.018379 
0.001424 0.000173 0.000000 0.000000 0.085354 0.000086 0.100026 0.013765 0.000043 0.140589 0.072452 0.001640 0.000000 0.023216 0.000086 0.000863 0.003107 0.000820 0.473073 0.083283 
0.298313 0.000777 0.002718 0.020279 0.000302 0.010614 0.002589 0.012642 0.308798 0.005091 0.000475 0.008457 0.023687 0.044656 0.093282 0.064547 0.046425 0.055874 0.000345 0.000129 
0.126737 0.000302 0.032580 0.114870 0.023431 0.006732 0.040520 0.028653 0.154613 0.102615 0.016441 0.021921 0.000173 0.045223 0.096444 0.042634 0.040088 0.022482 0.009191 0.074351 
0.003581 0.000259 0.000000 0.000000 0.096510 0.000043 0.001337 0.149575 0.000129 0.588636 0.032788 0.000173 0.000000 0.036110 0.000000 0.000173 0.000431 0.088097 0.000086 0.002071 
0.091246 0.026187 0.000302 0.000949 0.009491 0.002157 0.003667 0.000647 0.053885 0.013504 0.003279 0.034126 0.002028 0.014237 0.093878 0.053108 0.574701 0.010570 0.000000 0.012037 
0.189169 0.001294 0.141100 0.185286 0.002028 0.024250 0.017821 0.001079 0.130960 0.005912 0.000949 0.027098 0.006818 0.087120 0.081338 0.076203 0.016268 0.003625 0.000431 0.001251 
0.122114 0.001683 0.006990 0.077023 0.007724 0.034822 0.041294 0.014412 0.161251 0.053031 0.012600 0.052341 0.008371 0.064854 0.207120 0.061748 0.034002 0.029773 0.000216 0.008630 
0.049657 0.009103 0.000992 0.000431 0.030200 0.012037 0.014927 0.174813 0.000259 0.305363 0.010182 0.004961 0.000345 0.009491 0.001467 0.072177 0.147806 0.138789 0.000173 0.016826 
0.045523 0.000518 0.073786 0.013851 0.000431 0.504035 0.022179 0.008414 0.024595 0.003236 0.001769 0.028479 0.155297 0.015879 0.010874 0.048975 0.028608 0.009838 0.001079 0.002632 
0.041244 0.007723 0.184434 0.032702 0.011821 0.045213 0.015833 0.167652 0.086630 0.055438 0.006817 0.047198 0.050865 0.011562 0.019889 0.042409 0.108201 0.060313 0.000259 0.003797 
0.031667 0.009362 0.013978 0.004789 0.004875 0.025713 0.004228 0.020924 0.283748 0.008542 0.003193 0.006558 0.259286 0.134346 0.117391 0.010613 0.020622 0.034471 0.000043 0.005652 
0.014194 0.038614 0.000129 0.000906 0.001639 0.015359 0.001381 0.397834 0.030244 0.074640 0.037794 0.002287 0.008154 0.011131 0.005652 0.000647 0.020278 0.335491 0.000000 0.003624 

MOTIF MEME-7
letter-probability matrix: alength= 20 w= 30 nsites= 4794 E= 0.000000
0.027534 0.000000 0.000000 0.000000 0.000000 0.000000 0.000000 0.000000 0.000000 0.000209 0.018773 0.007301 0.000000 0.945766 0.000209 0.000000 0.000209 0.000000 0.000000 0.000000 
0.004798 0.000000 0.000000 0.000000 0.002712 0.000000 0.000000 0.224447 0.000000 0.049437 0.001252 0.000000 0.650188 0.000417 0.000000 0.000000 0.002086 0.016270 0.000000 0.048394 
0.000000 0.000000 0.993951 0.000000 0.000000 0.000000 0.000000 0.000000 0.005632 0.000000 0.000000 0.000209 0.000000 0.000000 0.000000 0.000209 0.000000 0.000000 0.000000 0.000000 
0.343554 0.000626 0.000000 0.000000 0.000000 0.002086 0.000000 0.069670 0.000000 0.225699 0.012307 0.001669 0.020234 0.000000 0.000000 0.080517 0.052983 0.190655 0.000000 0.000000 
0.130426 0.210559 0.000000 0.000000 0.000000 0.116235 0.000000 0.000209 0.000000 0.000626 0.048831 0.053214 0.094950 0.000000 0.000000 0.314900 0.017112 0.011060 0.000000 0.001878 
0.001252 0.000000 0.000000 0.000000 0.000000 0.010638 0.320818 0.000000 0.028995 0.008135 0.000626 0.025240 0.000000 0.000000 0.422612 0.000417 0.000000 0.018982 0.162286 0.000000 
0.271172 0.181268 0.000000 0.000000 0.000417 0.000417 0.000000 0.026491 0.000000 0.139341 0.048811 0.000209 0.000000 0.000000 0.000000 0.004798 0.010013 0.317063 0.000000 0.000000 
0.063217 0.001043 0.000000 0.000000 0.000000 0.934696 0.000000 0.000000 0.000000 0.000209 0.000000 0.000000 0.000000 0.000000 0.000209 0.000626 0.000000 0.000000 0.000000 0.000000 
0.000000 0.000000 0.000417 0.000000 0.000000 0.980184 0.000000 0.000000 0.000000 0.000000 0.000000 0.000000 0.000000 0.000000 0.000000 0.019399 0.000000 0.000000 0.000000 0.000000 
0.000000 0.000000 0.000000 0.000000 0.014184 0.000000 0.000000 0.501252 0.000000 0.181894 0.049020 0.000000 0.003546 0.000000 0.000000 0.000000 0.000000 0.250104 0.000000 0.000000 
0.000209 0.000626 0.000417 0.000000 0.000417 0.001252 0.000626 0.000000 0.000000 0.015436 0.000209 0.285148 0.003338 0.002295 0.030038 0.150605 0.507301 0.000000 0.002086 0.000000 
0.042762 0.000000 0.001669 0.782854 0.000000 0.025657 0.000000 0.001460 0.000000 0.000000 0.005841 0.000000 0.052983 0.017313 0.000417 0.000417 0.066124 0.002503 0.000000 0.000000 
0.076554 0.170421 0.000000 0.000626 0.060701 0.012307 0.000209 0.040884 0.000000 0.177931 0.038798 0.118899 0.000000 0.000000 0.000000 0.002295 0.097831 0.172090 0.023988 0.006466 
0.005423 0.000834 0.000000 0.000000 0.010847 0.000000 0.022320 0.074259 0.061952 0.382770 0.013350 0.001043 0.000000 0.019191 0.236546 0.000417 0.001877 0.110555 0.000000 0.058615 
0.245098 0.000417 0.000417 0.066750 0.000000 0.001669 0.000626 0.007718 0.483730 0.006884 0.000417 0.000209 0.001043 0.007718 0.140592 0.021694 0.002712 0.012307 0.000000 0.000000 
0.010430 0.000000 0.000000 0.002712 0.000000 0.000000 0.000417 0.710054 0.000000 0.018773 0.003546 0.008761 0.000000 0.000000 0.000000 0.000834 0.000209 0.244264 0.000000 0.000000 
0.498331 0.002503 0.000000 0.000000 0.003546 0.009595 0.000000 0.011055 0.000000 0.243429 0.079474 0.050688 0.000000 0.007718 0.000000 0.074259 0.003546 0.010638 0.000000 0.005215 
0.372758 0.000000 0.062995 0.003338 0.001252 0.058198 0.007301 0.005006 0.003338 0.293492 0.002503 0.039216 0.000000 0.002920 0.004798 0.074677 0.064873 0.003338 0.000000 0.000000 
0.002920 0.000000 0.000000 0.000000 0.001460 0.000000 0.002712 0.101377 0.000209 0.385273 0.477472 0.000000 0.000000 0.008344 0.000834 0.000209 0.000000 0.016062 0.000626 0.002503 
0.954526 0.025240 0.000000 0.000000 0.000000 0.001043 0.000000 0.000626 0.000000 0.000000 0.000000 0.000000 0.000000 0.000000 0.000000 0.015436 0.002503 0.000626 0.000000 0.000000 
0.313934 0.000834 0.080100 0.429912 0.000000 0.001043 0.004172 0.000834 0.103880 0.005215 0.000417 0.011264 0.000000 0.002920 0.020442 0.014602 0.006675 0.000000 0.000000 0.003755 
0.444723 0.003338 0.001043 0.009178 0.001877 0.000417 0.013976 0.002712 0.320818 0.015645 0.010221 0.001043 0.000834 0.026700 0.013559 0.090530 0.034418 0.008970 0.000000 0.000000 
0.038381 0.001043 0.000000 0.000209 0.231122 0.000417 0.123279 0.000209 0.006258 0.000000 0.001877 0.006258 0.000000 0.001877 0.081977 0.001460 0.000417 0.000000 0.021485 0.483730 
0.000626 0.000000 0.401126 0.007927 0.013767 0.389237 0.007092 0.000000 0.010847 0.000000 0.000000 0.066542 0.000000 0.022737 0.003963 0.041719 0.000000 0.000000 0.000000 0.034418 
0.023780 0.000000 0.000000 0.000000 0.000626 0.000000 0.000000 0.113058 0.022737 0.120776 0.009804 0.000000 0.000000 0.066959 0.032958 0.000000 0.003546 0.604088 0.000000 0.001669 
0.244681 0.000000 0.003546 0.005215 0.000000 0.046308 0.000000 0.000834 0.038381 0.107009 0.029829 0.000626 0.414059 0.013976 0.030872 0.019608 0.038798 0.003755 0.000626 0.001877 
0.014393 0.012724 0.000000 0.000000 0.011055 0.000000 0.000000 0.086149 0.000000 0.289111 0.016688 0.000000 0.000209 0.000000 0.000000 0.000000 0.000000 0.569670 0.000000 0.000000 
0.446809 0.218189 0.000000 0.000000 0.014602 0.000834 0.000209 0.073842 0.000000 0.000000 0.004798 0.000000 0.000000 0.000000 0.000209 0.003338 0.000209 0.197956 0.039007 0.000000 
0.000209 0.001043 0.000000 0.000000 0.005423 0.000000 0.000000 0.002920 0.000000 0.064873 0.027743 0.000209 0.871715 0.000000 0.000209 0.023363 0.001460 0.000000 0.000000 0.000834 
0.000000 0.000000 0.000000 0.000000 0.000000 0.005841 0.993742 0.000000 0.000000 0.000000 0.000000 0.000000 0.000209 0.000000 0.000000 0.000000 0.000000 0.000000 0.000000 0.000209 

MOTIF MEME-8
letter-probability matrix: alength= 20 w= 30 nsites= 6672 E= 0.000000
0.040174 0.000000 0.007045 0.068356 0.083046 0.003448 0.055614 0.076151 0.027882 0.052166 0.010343 0.013941 0.001649 0.028182 0.096537 0.032829 0.017838 0.143607 0.171638 0.069555 
0.007495 0.000000 0.354070 0.173737 0.000150 0.127267 0.002698 0.028631 0.000000 0.028032 0.088443 0.001799 0.000000 0.094289 0.001349 0.006146 0.008994 0.064008 0.012592 0.000300 
0.193674 0.005846 0.014690 0.007795 0.525109 0.001199 0.049918 0.019188 0.000300 0.017389 0.038975 0.000899 0.000000 0.011093 0.000000 0.051566 0.003298 0.052316 0.000150 0.006596 
0.020384 0.000300 0.004496 0.042416 0.106115 0.005695 0.002848 0.032074 0.458183 0.096972 0.013789 0.001948 0.000000 0.010042 0.163969 0.002248 0.001049 0.021283 0.011391 0.004796 
0.022036 0.000600 0.055314 0.090841 0.001199 0.004347 0.029531 0.002998 0.099235 0.015140 0.031180 0.024884 0.026683 0.298906 0.240294 0.017389 0.015290 0.011692 0.000899 0.011542 
