MEME version 4

ALPHABET= ACDEFGHIKLMNPQRSTVWY

Background letter frequencies
A 0.1115 C 0.0111 D 0.0640 E 0.0691 F 0.0308 G 0.0883 H 0.0226 I 0.0609 K 0.0471 L 0.0956 
M 0.0247 N 0.0334 P 0.0453 Q 0.0313 R 0.0532 S 0.0491 T 0.0503 V 0.0702 W 0.0144 
Y 0.0273 

MOTIF MEME-1
letter-probability matrix: alength= 20 w= 30 nsites= 3988 E= 0.000000
0.079488 0.000000 0.000000 0.000000 0.000251 0.913992 0.000000 0.000000 0.000251 0.000000 0.000000 0.000251 0.000000 0.000000 0.000000 0.002006 0.001505 0.002257 0.000000 0.000000 
0.000000 0.000000 0.000000 0.000000 0.000000 0.996991 0.000000 0.000000 0.000000 0.000000 0.000000 0.000251 0.000000 0.000000 0.000000 0.000000 0.002758 0.000000 0.000000 0.000000 
0.056169 0.000502 0.000502 0.000251 0.000502 0.003009 0.000752 0.000752 0.000000 0.004012 0.000000 0.000000 0.000000 0.000000 0.000000 0.004012 0.019809 0.909729 0.000000 0.000000 
0.006021 0.000000 0.000753 0.000000 0.160813 0.000000 0.010788 0.000000 0.000000 0.748620 0.044405 0.000000 0.011791 0.004265 0.006272 0.000251 0.000251 0.000000 0.000000 0.005770 
0.224925 0.000752 0.055667 0.065196 0.000000 0.005015 0.025577 0.000251 0.007272 0.000000 0.000000 0.003761 0.359579 0.038867 0.118606 0.090772 0.003511 0.000251 0.000000 0.000000 
0.019809 0.000251 0.000502 0.000251 0.000000 0.719910 0.000000 0.000000 0.000000 0.000251 0.000000 0.000000 0.254764 0.000251 0.000000 0.003009 0.000502 0.000502 0.000000 0.000000 
0.100301 0.000502 0.196088 0.602808 0.011535 0.012287 0.004263 0.000000 0.007523 0.000752 0.004012 0.006269 0.004263 0.003009 0.009278 0.028335 0.004514 0.003009 0.001254 0.000000 
0.052156 0.000000 0.086008 0.418255 0.000502 0.000502 0.051655 0.000251 0.010532 0.017302 0.000251 0.000251 0.000000 0.308927 0.023571 0.004514 0.004012 0.008275 0.000000 0.013039 
0.000000 0.000000 0.023821 0.975928 0.000000 0.000251 0.000000 0.000000 0.000000 0.000000 0.000000 0.000000 0.000000 0.000000 0.000000 0.000000 0.000000 0.000000 0.000000 0.000000 
0.239649 0.001004 0.000000 0.000000 0.000251 0.000502 0.000000 0.456462 0.000000 0.028105 0.108407 0.000000 0.000000 0.000000 0.000251 0.000000 0.002509 0.162861 0.000000 0.000000 
0.199599 0.000000 0.200351 0.512036 0.000000 0.000752 0.000251 0.000000 0.033852 0.000502 0.000000 0.001254 0.000000 0.012287 0.003260 0.023069 0.007272 0.005517 0.000000 0.000000 
0.543380 0.067202 0.000000 0.000000 0.000000 0.026329 0.000251 0.001003 0.000000 0.002006 0.000251 0.000000 0.000000 0.000000 0.021815 0.109328 0.201103 0.027332 0.000000 0.000000 
0.061936 0.002006 0.000000 0.000000 0.004263 0.000251 0.000000 0.349047 0.000000 0.009278 0.020311 0.000000 0.000000 0.000000 0.000000 0.000000 0.009529 0.533852 0.000000 0.009529 
0.055681 0.003010 0.001254 0.018811 0.000752 0.000752 0.011537 0.010534 0.115626 0.033860 0.000000 0.003762 0.000000 0.009280 0.356910 0.019564 0.258089 0.100326 0.000251 0.000000 
0.966391 0.000000 0.000000 0.006270 0.000000 0.002007 0.000000 0.000000 0.006270 0.000752 0.000000 0.000000 0.000000 0.001756 0.001254 0.003762 0.004515 0.007023 0.000000 0.000000 
0.000000 0.000000 0.000000 0.000000 0.000251 0.000000 0.000000 0.093828 0.000000 0.883091 0.005770 0.000000 0.000000 0.000000 0.000000 0.000000 0.000000 0.017060 0.000000 0.000000 
0.490471 0.000000 0.000000 0.000000 0.000000 0.002257 0.064945 0.000000 0.334754 0.012538 0.000000 0.000000 0.000000 0.000000 0.075978 0.015045 0.000752 0.000251 0.000000 0.003009 
0.098546 0.000000 0.037864 0.285356 0.000000 0.003260 0.003511 0.000000 0.400702 0.000502 0.000000 0.004263 0.000000 0.086510 0.064193 0.005517 0.008024 0.001755 0.000000 0.000000 
0.254764 0.012036 0.000000 0.026329 0.000000 0.001505 0.010782 0.000000 0.003009 0.000000 0.000000 0.002006 0.000251 0.003260 0.668756 0.011033 0.002006 0.004012 0.000251 0.000000 
0.021815 0.000000 0.000000 0.000000 0.970160 0.000000 0.000000 0.000000 0.000000 0.004012 0.000000 0.000000 0.000000 0.000000 0.001003 0.000000 0.000000 0.000502 0.000000 0.002508 
0.003761 0.000000 0.000000 0.000000 0.000000 0.001003 0.000000 0.000000 0.000000 0.000251 0.000251 0.000000 0.991474 0.000000 0.000000 0.002006 0.001254 0.000000 0.000000 0.000000 
0.009027 0.000000 0.370361 0.154213 0.000000 0.157974 0.013541 0.000000 0.028837 0.000502 0.000000 0.046891 0.000000 0.185306 0.014794 0.008024 0.008776 0.000000 0.000251 0.001505 
0.762287 0.000502 0.014293 0.000251 0.001755 0.003009 0.062187 0.003260 0.002758 0.028084 0.006770 0.000000 0.000000 0.014042 0.021565 0.015547 0.013039 0.019809 0.000000 0.030843 
0.001755 0.000000 0.000752 0.001755 0.000000 0.001254 0.000000 0.000000 0.006269 0.001003 0.000000 0.000502 0.201103 0.000000 0.780592 0.001254 0.003511 0.000000 0.000251 0.000000 
0.009782 0.001505 0.000000 0.000000 0.003762 0.000000 0.000000 0.495360 0.000000 0.243291 0.002007 0.000000 0.000000 0.000000 0.000000 0.000000 0.003511 0.240281 0.000000 0.000502 
0.000502 0.000000 0.011284 0.000000 0.001755 0.000000 0.000000 0.000251 0.000000 0.019809 0.000000 0.013541 0.000251 0.000000 0.221916 0.001003 0.729689 0.000000 0.000000 0.000000 
0.004764 0.000000 0.000000 0.000000 0.002006 0.000251 0.000251 0.104313 0.000000 0.660983 0.000251 0.000000 0.000000 0.000000 0.000251 0.000000 0.000000 0.215396 0.000000 0.011535 
0.000000 0.000000 1.000000 0.000000 0.000000 0.000000 0.000000 0.000000 0.000000 0.000000 0.000000 0.000000 0.000000 0.000000 0.000000 0.000000 0.000000 0.000000 0.000000 0.000000 
0.002006 0.000000 0.000000 0.000000 0.000000 0.000000 0.000000 0.000000 0.000000 0.000502 0.000000 0.000000 0.996991 0.000000 0.000000 0.000251 0.000251 0.000000 0.000000 0.000000 
0.000000 0.000000 0.000000 0.000000 0.000000 0.000000 0.000000 0.000000 0.000000 0.000000 0.000000 1.000000 0.000000 0.000000 0.000000 0.000000 0.000000 0.000000 0.000000 0.000000 

MOTIF MEME-2
letter-probability matrix: alength= 20 w= 30 nsites= 4033 E= 0.000000
0.142361 0.000496 0.108879 0.161706 0.004464 0.012649 0.006448 0.028770 0.032242 0.203373 0.006944 0.003720 0.001488 0.053571 0.077133 0.085813 0.047867 0.021825 0.000248 0.000000 
0.212001 0.001736 0.037193 0.049343 0.008182 0.017109 0.039425 0.006447 0.013637 0.290355 0.008430 0.024052 0.016117 0.006695 0.018101 0.026283 0.009174 0.021820 0.014877 0.179023 
0.121498 0.001488 0.126953 0.064716 0.001488 0.092487 0.008430 0.011654 0.029011 0.043888 0.002232 0.008182 0.036449 0.010166 0.393752 0.020332 0.014133 0.012150 0.000000 0.000992 
0.055046 0.007191 0.145053 0.053558 0.038681 0.283660 0.060253 0.004215 0.018597 0.043888 0.005951 0.034466 0.013142 0.078354 0.002727 0.105133 0.003719 0.024300 0.001240 0.020828 
0.016365 0.004215 0.116787 0.029011 0.000744 0.117282 0.006943 0.033970 0.002480 0.031490 0.000496 0.030250 0.077114 0.028763 0.369452 0.011902 0.008926 0.112571 0.000000 0.001240 
0.000496 0.000000 0.016117 0.000496 0.004463 0.000000 0.000000 0.422514 0.000000 0.459707 0.000000 0.020580 0.003719 0.000000 0.004463 0.000000 0.000248 0.067196 0.000000 0.000000 
0.253161 0.000000 0.065212 0.444086 0.000992 0.000248 0.000992 0.012894 0.004711 0.046615 0.000000 0.000000 0.000248 0.110092 0.000992 0.012398 0.024795 0.022316 0.000000 0.000248 
0.000248 0.000000 0.000000 0.000000 0.341929 0.000000 0.000000 0.000000 0.000000 0.002727 0.002480 0.000000 0.000000 0.000000 0.000000 0.000000 0.000000 0.000000 0.004959 0.647657 
0.094471 0.001488 0.000000 0.000000 0.014877 0.000000 0.000000 0.145301 0.000000 0.522688 0.021820 0.000000 0.000248 0.000000 0.000000 0.000000 0.000000 0.130920 0.000000 0.068187 
0.000000 0.000000 0.000000 1.000000 0.000000 0.000000 0.000000 0.000000 0.000000 0.000000 0.000000 0.000000 0.000000 0.000000 0.000000 0.000000 0.000000 0.000000 0.000000 0.000000 
0.000000 0.000000 0.264071 0.427225 0.000000 0.000000 0.000000 0.000000 0.000000 0.000000 0.000000 0.000000 0.000000 0.308703 0.000000 0.000000 0.000000 0.000000 0.000000 0.000000 
0.000000 0.000000 0.000000 0.000000 0.000000 0.000000 0.000000 0.000248 0.000000 0.003967 0.000000 0.000000 0.995537 0.000000 0.000000 0.000000 0.000000 0.000248 0.000000 0.000000 
0.056782 0.659063 0.000000 0.000000 0.048103 0.000000 0.000000 0.000000 0.000000 0.008926 0.000000 0.000000 0.000000 0.000000 0.000000 0.007687 0.144061 0.075130 0.000000 0.000248 
0.205802 0.000496 0.003471 0.007439 0.007191 0.015621 0.008926 0.008182 0.302752 0.046367 0.009174 0.000992 0.167121 0.059757 0.088272 0.026779 0.011902 0.008678 0.019092 0.001984 
0.027771 0.000992 0.068435 0.020332 0.000248 0.230598 0.002727 0.006943 0.011654 0.000744 0.000496 0.020084 0.000744 0.006943 0.009918 0.128936 0.459459 0.002727 0.000000 0.000248 
0.014381 0.000744 0.000000 0.003223 0.021076 0.000000 0.000744 0.154476 0.003719 0.157699 0.011158 0.001240 0.128688 0.019836 0.213737 0.001240 0.063972 0.187454 0.000744 0.015869 
0.130920 0.000000 0.298785 0.329035 0.000248 0.056782 0.004711 0.000496 0.001984 0.000496 0.000000 0.024052 0.056534 0.015373 0.006695 0.059757 0.008430 0.001240 0.000000 0.004463 
0.042152 0.000248 0.323580 0.325068 0.002232 0.196380 0.004463 0.001488 0.003223 0.023308 0.030002 0.008430 0.003471 0.020084 0.009422 0.004215 0.001736 0.000496 0.000000 0.000000 
0.000992 0.024058 0.000000 0.001736 0.000248 0.000000 0.000744 0.034722 0.000248 0.330605 0.237847 0.018601 0.000000 0.000000 0.000000 0.345734 0.003720 0.000248 0.000000 0.000496 
0.447558 0.000744 0.029259 0.002480 0.007935 0.008678 0.000744 0.031986 0.007935 0.089759 0.012398 0.011406 0.007191 0.002975 0.267543 0.035705 0.003223 0.030746 0.000000 0.001736 
0.327796 0.002727 0.051575 0.324324 0.019092 0.001240 0.006943 0.003719 0.013390 0.011406 0.003223 0.002232 0.000000 0.093727 0.059757 0.054054 0.017357 0.004711 0.000992 0.001736 
0.002232 0.000000 0.000248 0.000000 0.363749 0.000248 0.000000 0.030746 0.000000 0.190677 0.000992 0.000248 0.000000 0.000496 0.000000 0.000000 0.002232 0.402678 0.000000 0.005455 
0.457476 0.007687 0.011158 0.001736 0.003967 0.002727 0.054302 0.000496 0.014629 0.000000 0.000744 0.002480 0.000000 0.004711 0.332259 0.061245 0.004711 0.030002 0.000248 0.009422 
0.137615 0.001984 0.032730 0.070171 0.001488 0.012894 0.003471 0.067196 0.084800 0.011406 0.009918 0.018349 0.001736 0.060005 0.442351 0.021572 0.013637 0.008182 0.000000 0.000496 
0.102157 0.000992 0.074138 0.254153 0.000992 0.054054 0.013885 0.002480 0.044136 0.017853 0.002727 0.046615 0.000000 0.070667 0.267543 0.024052 0.014629 0.005455 0.000992 0.002480 
0.054302 0.012646 0.000744 0.004463 0.001736 0.006199 0.008926 0.054054 0.004215 0.090007 0.007439 0.001488 0.006447 0.004711 0.000248 0.031490 0.546987 0.162162 0.000496 0.001240 
0.044136 0.000496 0.159187 0.019340 0.006695 0.458964 0.007191 0.032482 0.025787 0.005703 0.013142 0.015869 0.059757 0.011902 0.051327 0.056534 0.023556 0.003967 0.000000 0.003967 
0.020828 0.000744 0.011902 0.003471 0.000000 0.023804 0.007935 0.387801 0.004215 0.095710 0.096702 0.004959 0.046615 0.002975 0.042400 0.004215 0.019092 0.209769 0.000000 0.016861 
0.340441 0.000496 0.003471 0.003719 0.000744 0.003967 0.002480 0.001488 0.006695 0.016613 0.011902 0.030498 0.459955 0.003967 0.068931 0.012150 0.008926 0.021076 0.002232 0.000248 
0.003471 0.001488 0.010166 0.001240 0.014381 0.081825 0.000248 0.509546 0.000000 0.243987 0.006943 0.001984 0.008182 0.002727 0.014381 0.003967 0.003223 0.083809 0.002480 0.005951 

MOTIF MEME-3
letter-probability matrix: alength= 20 w= 30 nsites= 7991 E= 0.000000
0.110249 0.000000 0.009886 0.549743 0.000000 0.058941 0.002878 0.002002 0.031911 0.002378 0.000250 0.051683 0.084095 0.032286 0.031410 0.020023 0.004005 0.005631 0.000000 0.002628 
0.766863 0.001001 0.000000 0.000000 0.000000 0.042298 0.000000 0.002002 0.000000 0.003129 0.015392 0.000000 0.000000 0.000000 0.000000 0.052309 0.032161 0.084845 0.000000 0.000000 
0.030534 0.032036 0.000000 0.014141 0.004005 0.001502 0.006382 0.058316 0.078088 0.503942 0.024528 0.001502 0.000125 0.061444 0.085596 0.004880 0.002753 0.046427 0.039044 0.004755 
0.224628 0.001627 0.019021 0.085972 0.000751 0.001001 0.007508 0.007759 0.203229 0.054061 0.004130 0.003629 0.000125 0.062946 0.260668 0.018145 0.032286 0.012389 0.000000 0.000125 
0.048429 0.002753 0.000250 0.001377 0.001377 0.000000 0.000000 0.346890 0.000000 0.279565 0.132524 0.000125 0.000125 0.002878 0.000000 0.008009 0.046928 0.127268 0.001251 0.000250 
0.454887 0.007133 0.005131 0.007634 0.001752 0.022776 0.149168 0.107246 0.023652 0.035290 0.009386 0.050432 0.000125 0.006883 0.045927 0.004630 0.005506 0.053936 0.001502 0.007008 
0.188963 0.000501 0.256038 0.084470 0.000375 0.019021 0.059442 0.001251 0.073458 0.005256 0.000876 0.046552 0.000000 0.065699 0.057565 0.038293 0.095482 0.004505 0.000250 0.002002 
0.096984 0.001001 0.025904 0.142285 0.027156 0.000876 0.001502 0.228757 0.016268 0.158428 0.035165 0.001251 0.000375 0.046552 0.024152 0.004130 0.037292 0.100238 0.001377 0.050307 
0.767363 0.158804 0.000000 0.000250 0.000000 0.015392 0.000125 0.008259 0.000000 0.030659 0.000125 0.000000 0.000000 0.000000 0.000125 0.008510 0.004880 0.005506 0.000000 0.000000 
0.069462 0.002253 0.036546 0.235920 0.001252 0.031164 0.018523 0.005382 0.114768 0.027034 0.022028 0.013517 0.000125 0.130288 0.250814 0.018023 0.008511 0.012140 0.000250 0.002003 
0.436116 0.000250 0.027406 0.145664 0.005256 0.019647 0.003379 0.012514 0.048054 0.053435 0.029033 0.006632 0.000626 0.036541 0.047929 0.073082 0.038543 0.014767 0.000000 0.001126 
0.315104 0.023902 0.003003 0.019772 0.025153 0.004380 0.141910 0.001502 0.021024 0.135778 0.015017 0.046552 0.000000 0.112627 0.037417 0.039795 0.003003 0.009260 0.000375 0.044425 
0.001877 0.000000 0.050557 0.010762 0.000000 0.806532 0.017645 0.000000 0.011388 0.000125 0.000000 0.075335 0.000375 0.013015 0.005506 0.006007 0.000501 0.000125 0.000000 0.000250 
0.010891 0.000751 0.000000 0.000000 0.193040 0.001878 0.000125 0.325989 0.008137 0.167626 0.085003 0.000125 0.000000 0.000626 0.000876 0.000626 0.014397 0.170756 0.000876 0.018277 
0.088486 0.000000 0.078849 0.152441 0.000375 0.136045 0.004506 0.004631 0.130288 0.019524 0.000876 0.010513 0.155444 0.044556 0.061952 0.081227 0.027660 0.001377 0.000000 0.001252 
0.011765 0.168085 0.000000 0.000000 0.008886 0.000000 0.000000 0.120401 0.000125 0.337171 0.004130 0.000501 0.003129 0.000000 0.012265 0.005257 0.030538 0.286483 0.004255 0.007009 
0.000000 0.000125 0.000000 0.000000 0.006134 0.000250 0.000000 0.003505 0.001127 0.008513 0.547071 0.000000 0.000000 0.032549 0.000250 0.000376 0.001377 0.029419 0.188783 0.180521 
0.008385 0.152315 0.000000 0.000000 0.007635 0.180726 0.001252 0.161577 0.000000 0.166333 0.018023 0.000000 0.000000 0.000125 0.000000 0.026283 0.006258 0.267209 0.003880 0.000000 
0.000000 0.000000 0.000000 0.000000 0.000000 0.999374 0.000000 0.000000 0.000000 0.000000 0.000000 0.000000 0.000000 0.000000 0.000000 0.000626 0.000000 0.000000 0.000000 0.000000 
0.004757 0.461134 0.003755 0.000000 0.000000 0.229816 0.000000 0.000250 0.000000 0.000000 0.000125 0.009012 0.000000 0.000000 0.000000 0.114282 0.176868 0.000000 0.000000 0.000000 
0.000125 0.000125 0.000000 0.000000 0.005008 0.000000 0.000000 0.001127 0.001127 0.025917 0.943408 0.008013 0.000000 0.000000 0.000250 0.001127 0.005634 0.000501 0.000000 0.007637 
0.012893 0.000751 0.006008 0.001127 0.020528 0.006259 0.005257 0.092252 0.000000 0.505320 0.047315 0.003880 0.006133 0.001627 0.000000 0.015772 0.055702 0.188885 0.000000 0.030292 
0.041171 0.112001 0.020273 0.679640 0.000000 0.127769 0.000000 0.000000 0.000000 0.000000 0.000000 0.000000 0.000000 0.000000 0.000000 0.019147 0.000000 0.000000 0.000000 0.000000 
0.049305 0.002753 0.000125 0.006132 0.018145 0.170692 0.000000 0.000000 0.000000 0.005756 0.019647 0.000000 0.009386 0.000000 0.000000 0.322738 0.374296 0.000876 0.000000 0.020148 
0.060944 0.000375 0.000751 0.001377 0.000375 0.249906 0.005256 0.005006 0.043174 0.000626 0.000626 0.019147 0.044175 0.001877 0.043549 0.464147 0.051433 0.004255 0.000000 0.003003 
0.027030 0.024027 0.000000 0.003879 0.007008 0.001126 0.000125 0.262671 0.000000 0.334376 0.004755 0.002127 0.000501 0.000250 0.107621 0.000375 0.006257 0.215993 0.001502 0.000375 
0.320611 0.000125 0.000250 0.001251 0.000000 0.455763 0.000000 0.005631 0.000000 0.002002 0.000000 0.000501 0.000000 0.000000 0.000000 0.212990 0.000501 0.000125 0.000000 0.000250 
0.012641 0.002753 0.000000 0.000000 0.000751 0.006133 0.004506 0.243054 0.019900 0.023404 0.171589 0.008385 0.000000 0.001877 0.191364 0.064456 0.151940 0.097247 0.000000 0.000000 
0.426730 0.002002 0.000125 0.014767 0.000501 0.042047 0.002253 0.066950 0.003254 0.058816 0.019272 0.019397 0.000000 0.001126 0.042047 0.168940 0.068577 0.034038 0.001251 0.027906 
0.627910 0.001001 0.000000 0.001252 0.051940 0.004005 0.078223 0.002128 0.000000 0.018023 0.004130 0.000375 0.150563 0.037922 0.000125 0.003880 0.009887 0.006633 0.000000 0.002003 

MOTIF MEME-4
letter-probability matrix: alength= 20 w= 30 nsites= 3501 E= 0.000000
0.324479 0.000000 0.002571 0.006284 0.000000 0.000000 0.000000 0.000000 0.000000 0.000286 0.000000 0.000000 0.000000 0.000000 0.000000 0.665810 0.000571 0.000000 0.000000 0.000000 
0.006855 0.000286 0.000000 0.000286 0.100828 0.005998 0.021708 0.000000 0.005427 0.003713 0.003713 0.014567 0.000000 0.000000 0.780348 0.006570 0.034562 0.002571 0.000857 0.011711 
0.004570 0.000000 0.006570 0.029420 0.000000 0.857755 0.005427 0.000000 0.003713 0.000000 0.000000 0.007426 0.000000 0.007998 0.000000 0.038275 0.000857 0.000286 0.005998 0.031705 
0.104542 0.000571 0.004570 0.009712 0.000000 0.000000 0.000571 0.024279 0.003713 0.002856 0.000286 0.006284 0.000000 0.001143 0.010568 0.500714 0.199657 0.128249 0.000000 0.002285 
0.004570 0.000857 0.002856 0.037132 0.001999 0.000000 0.017424 0.025707 0.173379 0.070551 0.057698 0.000857 0.000000 0.042845 0.475578 0.011997 0.051700 0.006855 0.001999 0.015995 
0.050843 0.000571 0.043987 0.012568 0.000286 0.001143 0.015139 0.004570 0.017424 0.008855 0.000571 0.029991 0.005713 0.002285 0.031991 0.221937 0.541274 0.004284 0.000000 0.006570 
0.083976 0.000857 0.017424 0.503856 0.020851 0.007426 0.055698 0.007426 0.017138 0.001999 0.003428 0.005141 0.000000 0.055127 0.016281 0.040560 0.114539 0.044273 0.000571 0.003428 
0.459012 0.058840 0.000000 0.001714 0.003142 0.000286 0.006284 0.012282 0.121108 0.001428 0.000000 0.007998 0.000000 0.042845 0.129677 0.013425 0.067124 0.065981 0.000000 0.008855 
0.015710 0.012853 0.158526 0.189374 0.000000 0.006855 0.106541 0.006855 0.089689 0.005713 0.000000 0.015710 0.073408 0.017709 0.126821 0.033990 0.078263 0.056841 0.000857 0.004284 
0.048558 0.005141 0.031134 0.000000 0.013710 0.017424 0.005141 0.030277 0.000286 0.017995 0.001714 0.044273 0.000000 0.000000 0.010854 0.031420 0.138817 0.603256 0.000000 0.000000 
0.003142 0.000286 0.000000 0.000000 0.029991 0.000571 0.000000 0.123679 0.000000 0.174807 0.005998 0.000000 0.016852 0.000000 0.000286 0.000286 0.006570 0.561268 0.057412 0.018852 
0.003713 0.003142 0.000000 0.010283 0.074836 0.001999 0.001143 0.068552 0.010854 0.146244 0.003428 0.000286 0.000286 0.035418 0.102542 0.004856 0.109969 0.360183 0.047986 0.014282 
0.064267 0.072551 0.000000 0.000000 0.003428 0.000000 0.000000 0.060554 0.000000 0.136532 0.000286 0.000000 0.000286 0.000000 0.000000 0.000000 0.010854 0.651243 0.000000 0.000000 
0.046272 0.003713 0.001428 0.396458 0.003428 0.003713 0.013425 0.036561 0.052842 0.004570 0.002856 0.001428 0.000000 0.016852 0.127392 0.031705 0.210797 0.033419 0.000286 0.012853 
0.027992 0.008283 0.000000 0.000000 0.004856 0.000000 0.000000 0.351328 0.000000 0.419023 0.004284 0.000000 0.000000 0.000000 0.000000 0.000000 0.000286 0.179663 0.001143 0.003142 
0.025136 0.004570 0.019137 0.494145 0.012282 0.021708 0.025136 0.009140 0.020280 0.007141 0.001428 0.005998 0.000000 0.029420 0.066838 0.111111 0.077692 0.055698 0.000857 0.012282 
0.033705 0.003999 0.145673 0.315338 0.002571 0.033990 0.108826 0.002856 0.027421 0.013710 0.000286 0.014282 0.000000 0.093402 0.035990 0.049986 0.061982 0.006855 0.001714 0.047415 
0.028278 0.000286 0.261068 0.231077 0.000571 0.222793 0.007141 0.000286 0.017709 0.019137 0.000857 0.103399 0.015995 0.029991 0.037704 0.020280 0.002856 0.000000 0.000000 0.000571 
0.025421 0.001999 0.085119 0.061411 0.000857 0.700086 0.004856 0.007141 0.005713 0.002285 0.000000 0.033990 0.004284 0.003999 0.009997 0.021994 0.022279 0.007998 0.000000 0.000571 
0.072286 0.005429 0.001143 0.017429 0.077714 0.030000 0.070857 0.186857 0.075714 0.088000 0.039429 0.015429 0.000286 0.014000 0.023429 0.011429 0.014857 0.234000 0.002286 0.019429 
0.021137 0.007426 0.005713 0.123679 0.011140 0.000857 0.015139 0.111968 0.240788 0.010283 0.003142 0.000571 0.000857 0.033419 0.077406 0.063982 0.176521 0.085690 0.001143 0.009140 
0.095973 0.000000 0.000000 0.000000 0.000286 0.900029 0.000000 0.000000 0.000000 0.000000 0.000000 0.000000 0.000000 0.000000 0.000000 0.001999 0.000000 0.000571 0.000000 0.001143 
0.007141 0.003142 0.000000 0.002571 0.033705 0.000286 0.037989 0.113967 0.002571 0.031991 0.006570 0.000286 0.000857 0.076264 0.173950 0.007141 0.094830 0.122251 0.161382 0.123108 
0.034562 0.000000 0.000000 0.000000 0.000000 0.948300 0.000000 0.000000 0.000000 0.000000 0.000000 0.000000 0.000000 0.000000 0.000000 0.016852 0.000000 0.000286 0.000000 0.000000 
0.003999 0.000000 0.000000 0.994287 0.000000 0.001714 0.000000 0.000000 0.000000 0.000000 0.000000 0.000000 0.000000 0.000000 0.000000 0.000000 0.000000 0.000000 0.000000 0.000000 
0.194230 0.670951 0.000000 0.000000 0.008569 0.048558 0.000000 0.005998 0.000000 0.000286 0.000571 0.000000 0.000000 0.000000 0.000000 0.038560 0.015995 0.016281 0.000000 0.000000 
0.065410 0.002571 0.000000 0.000000 0.000286 0.073122 0.000000 0.001714 0.000857 0.001714 0.000286 0.005998 0.005141 0.000000 0.001143 0.089689 0.412739 0.339046 0.000286 0.000000 
0.103113 0.000286 0.000000 0.002571 0.000000 0.014853 0.000000 0.040845 0.000000 0.033133 0.067695 0.000286 0.658098 0.000000 0.000000 0.026849 0.041988 0.010283 0.000000 0.000000 
0.005427 0.000286 0.025993 0.018280 0.073693 0.011140 0.000286 0.026278 0.000000 0.079692 0.043131 0.042559 0.044844 0.004856 0.003999 0.040845 0.033133 0.012282 0.000000 0.533276 
0.209940 0.000571 0.022565 0.021137 0.001999 0.026849 0.006570 0.003428 0.034276 0.007712 0.005713 0.005713 0.444730 0.006570 0.091402 0.057412 0.015139 0.021422 0.000000 0.016852 

MOTIF MEME-5
letter-probability matrix: alength= 20 w= 30 nsites= 12209 E= 0.000000
0.169971 0.000410 0.011222 0.071101 0.019250 0.006225 0.008273 0.097559 0.147035 0.047100 0.009993 0.007864 0.027195 0.036124 0.024164 0.129260 0.116235 0.048247 0.000164 0.022608 
0.000491 0.000000 0.000164 0.000000 0.002457 0.000000 0.000000 0.941437 0.000246 0.006716 0.016873 0.000164 0.000164 0.000000 0.000000 0.000164 0.000164 0.030961 0.000000 0.000000 
0.038578 0.000983 0.056434 0.177983 0.002293 0.000328 0.002048 0.091244 0.075027 0.057417 0.005897 0.007945 0.000082 0.052011 0.019576 0.048653 0.147105 0.209354 0.000000 0.007044 
0.054632 0.003194 0.327873 0.040544 0.004505 0.017200 0.011713 0.000819 0.254976 0.003604 0.000655 0.047752 0.000246 0.042510 0.031288 0.094275 0.026620 0.030387 0.000573 0.006634 
0.002375 0.000491 0.000000 0.000000 0.000573 0.000082 0.000000 0.499386 0.000246 0.023180 0.001720 0.000000 0.000000 0.000000 0.000000 0.000328 0.001474 0.470063 0.000000 0.000082 
0.009666 0.001147 0.007700 0.015973 0.053244 0.038254 0.223870 0.137533 0.105668 0.042267 0.001966 0.009338 0.000000 0.022936 0.054554 0.013352 0.031455 0.093054 0.014417 0.123607 
0.746498 0.000328 0.000082 0.000000 0.000164 0.231469 0.000164 0.000737 0.000000 0.009092 0.000000 0.000000 0.000901 0.000082 0.000000 0.006962 0.000655 0.002211 0.000000 0.000655 
0.001802 0.000164 0.002539 0.000983 0.008109 0.000573 0.003604 0.004260 0.000246 0.037516 0.003522 0.000901 0.000000 0.002539 0.912926 0.002539 0.000901 0.002375 0.001311 0.013188 
0.000655 0.000164 0.000164 0.783930 0.000082 0.000082 0.000328 0.002375 0.004095 0.001474 0.002867 0.000082 0.000655 0.149889 0.022361 0.019166 0.004914 0.000901 0.000328 0.005488 
0.003113 0.000082 0.000000 0.000000 0.000410 0.000000 0.000000 0.712729 0.000000 0.002867 0.000246 0.000000 0.000000 0.000000 0.002621 0.000000 0.000328 0.277605 0.000000 0.000000 
0.000082 0.000000 0.000000 0.000000 0.108363 0.000000 0.000819 0.107871 0.000082 0.686297 0.044148 0.000000 0.000000 0.000082 0.000000 0.000082 0.000000 0.004996 0.007535 0.039643 
0.000164 0.000000 0.993939 0.000246 0.000000 0.000164 0.000000 0.000000 0.000000 0.000000 0.000000 0.003932 0.000000 0.000000 0.000000 0.000328 0.000983 0.000082 0.000000 0.000164 
0.000082 0.000410 0.000000 0.000000 0.000000 0.000573 0.000000 0.000000 0.000000 0.000082 0.000000 0.000000 0.000000 0.000000 0.000000 0.998853 0.000000 0.000000 0.000000 0.000000 
0.000082 0.000246 0.000000 0.000000 0.000000 0.000082 0.000573 0.000000 0.000164 0.000000 0.000000 0.000000 0.000000 0.000000 0.998689 0.000082 0.000000 0.000000 0.000082 0.000000 
0.006143 0.005652 0.000082 0.000000 0.000000 0.984110 0.000000 0.000000 0.000082 0.000000 0.000000 0.000000 0.000000 0.000082 0.000328 0.003440 0.000000 0.000000 0.000082 0.000000 
0.000737 0.000410 0.001884 0.001311 0.011876 0.000164 0.001556 0.001474 0.003276 0.000983 0.000819 0.931034 0.000000 0.001065 0.025801 0.002048 0.005979 0.000737 0.000983 0.007863 
0.001966 0.000000 0.000082 0.001065 0.000573 0.000082 0.000000 0.000000 0.003440 0.000246 0.000000 0.000000 0.991072 0.000082 0.000573 0.000082 0.000164 0.000082 0.000328 0.000164 
0.001556 0.000082 0.000000 0.000000 0.000000 0.000000 0.000000 0.000000 0.000000 0.000000 0.000246 0.000000 0.000000 0.000000 0.000000 0.001065 0.997051 0.000000 0.000000 0.000000 
0.000410 0.000000 0.000000 0.000000 0.000000 0.000000 0.000000 0.115079 0.000000 0.048816 0.000000 0.000000 0.000082 0.000000 0.000000 0.000082 0.000573 0.834958 0.000000 0.000000 
0.009829 0.001311 0.000328 0.914571 0.000164 0.000737 0.000328 0.000000 0.014088 0.000655 0.002867 0.000573 0.000000 0.039643 0.009092 0.003440 0.000246 0.000246 0.000491 0.001392 
0.286510 0.039233 0.000000 0.000000 0.000000 0.000082 0.000000 0.001638 0.000000 0.000000 0.000000 0.000000 0.000082 0.000000 0.000000 0.001474 0.004996 0.665984 0.000000 0.000000 
0.002293 0.000246 0.459415 0.458842 0.003358 0.000573 0.003440 0.001802 0.007617 0.001065 0.001392 0.001392 0.000000 0.004095 0.004423 0.023262 0.014252 0.009255 0.000246 0.003031 
0.008027 0.002130 0.000000 0.000000 0.000246 0.000000 0.000000 0.057089 0.000000 0.152019 0.004587 0.000000 0.000164 0.000000 0.000082 0.000082 0.000655 0.774920 0.000000 0.000000 
0.030387 0.009829 0.003932 0.036694 0.044148 0.037923 0.107953 0.117946 0.009911 0.126218 0.011549 0.001147 0.000082 0.004833 0.025473 0.010238 0.145958 0.114833 0.012204 0.148743 
0.009747 0.004259 0.000328 0.000082 0.000246 0.000328 0.000000 0.002130 0.000000 0.632894 0.000082 0.000164 0.000082 0.000000 0.000164 0.006307 0.330658 0.012040 0.000000 0.000491 
0.119758 0.003440 0.167431 0.477720 0.001556 0.017857 0.005898 0.009174 0.015973 0.006062 0.002048 0.022035 0.004505 0.007372 0.002703 0.104604 0.017448 0.011468 0.001802 0.001147 
0.012368 0.022197 0.367434 0.010156 0.004751 0.094357 0.002048 0.001229 0.113195 0.018347 0.000491 0.106069 0.000164 0.002867 0.003932 0.206897 0.028831 0.002130 0.000000 0.002539 
0.005242 0.000573 0.007617 0.004914 0.001229 0.930134 0.001392 0.000491 0.003194 0.005733 0.000082 0.025883 0.000000 0.001638 0.001556 0.005078 0.001229 0.003112 0.000000 0.000901 
0.194365 0.002211 0.002539 0.004013 0.081333 0.039233 0.006307 0.067082 0.003358 0.098861 0.016873 0.003112 0.000655 0.005242 0.024654 0.153411 0.171513 0.112786 0.000246 0.012204 
0.011713 0.005406 0.000082 0.007863 0.310754 0.014661 0.022770 0.077566 0.044148 0.080023 0.122369 0.001474 0.000246 0.010402 0.027029 0.019985 0.055205 0.164551 0.006553 0.017200 

MOTIF MEME-6
letter-probability matrix: alength= 20 w= 30 nsites= 10598 E= 0.000000
0.000377 0.000000 0.000000 0.000094 0.000189 0.000000 0.000000 0.000094 0.000000 0.000000 0.000000 0.000283 0.000566 0.000000 0.000000 0.997924 0.000283 0.000189 0.000000 0.000000 
0.000661 0.000000 0.000000 0.000000 0.000000 0.000000 0.000094 0.001132 0.002359 0.000283 0.000189 0.000000 0.000094 0.000000 0.000189 0.000189 0.989337 0.005379 0.000000 0.000094 
0.000000 0.000094 0.000189 0.000094 0.000000 0.998962 0.000000 0.000094 0.000094 0.000000 0.000000 0.000000 0.000000 0.000000 0.000189 0.000189 0.000094 0.000000 0.000000 0.000000 
0.174561 0.000000 0.002076 0.201547 0.000000 0.000094 0.000000 0.152199 0.046518 0.001227 0.008209 0.000000 0.000000 0.032648 0.003114 0.202114 0.044914 0.130685 0.000094 0.000000 
0.007737 0.000094 0.000283 0.000000 0.150217 0.002359 0.318645 0.000094 0.030572 0.004152 0.000283 0.038403 0.000000 0.000849 0.256841 0.000755 0.000377 0.000000 0.002736 0.185601 
0.000000 0.000000 0.000189 0.999056 0.000000 0.000377 0.000094 0.000000 0.000000 0.000094 0.000000 0.000000 0.000000 0.000000 0.000000 0.000000 0.000000 0.000094 0.000000 0.000094 
0.996792 0.000000 0.000000 0.000094 0.000000 0.000094 0.000000 0.000094 0.000000 0.000189 0.000189 0.000000 0.000000 0.000000 0.000094 0.000283 0.000566 0.001604 0.000000 0.000000 
0.003491 0.025571 0.000000 0.000000 0.002453 0.000000 0.021136 0.073599 0.001227 0.502265 0.002076 0.002548 0.000094 0.000189 0.001510 0.000944 0.002265 0.341102 0.010191 0.009341 
0.000094 0.000000 0.000283 0.998585 0.000000 0.000094 0.000000 0.000000 0.000189 0.000094 0.000000 0.000000 0.000000 0.000000 0.000000 0.000000 0.000000 0.000661 0.000000 0.000000 
0.000094 0.000000 0.000000 0.000000 0.000472 0.000000 0.002359 0.001227 0.020947 0.923759 0.017267 0.000000 0.000094 0.001415 0.031610 0.000377 0.000000 0.000283 0.000094 0.000000 
0.000000 0.000377 0.000000 0.000000 0.000000 0.000000 0.000472 0.000094 0.000189 0.000377 0.000000 0.000000 0.000000 0.000189 0.997546 0.000000 0.000094 0.000000 0.000661 0.000000 
0.000000 0.000000 0.999434 0.000283 0.000000 0.000000 0.000000 0.000000 0.000000 0.000000 0.000000 0.000189 0.000000 0.000000 0.000000 0.000000 0.000000 0.000094 0.000000 0.000000 
0.007077 0.001887 0.017362 0.015192 0.000000 0.729572 0.003303 0.000189 0.025665 0.000944 0.000377 0.179845 0.000094 0.011229 0.001887 0.001982 0.002831 0.000472 0.000000 0.000094 
0.001038 0.000094 0.889487 0.017931 0.000000 0.002643 0.000189 0.016610 0.001793 0.000189 0.000189 0.015572 0.000000 0.000472 0.000472 0.000566 0.000000 0.052661 0.000000 0.000094 
0.048693 0.000094 0.005379 0.011796 0.000189 0.002454 0.000377 0.000849 0.794187 0.002737 0.004058 0.009437 0.071058 0.009625 0.003492 0.018307 0.015287 0.001982 0.000000 0.000000 
0.113660 0.000283 0.043425 0.017370 0.000850 0.118474 0.010667 0.000472 0.077504 0.001227 0.000944 0.065515 0.001888 0.025394 0.011895 0.389975 0.119796 0.000283 0.000000 0.000378 
0.007550 0.001699 0.002548 0.063137 0.001699 0.000189 0.005946 0.002737 0.052378 0.003398 0.002454 0.010948 0.000000 0.015100 0.781993 0.002643 0.001982 0.033126 0.000094 0.010381 
0.000000 0.000283 0.000000 0.000000 0.190526 0.001793 0.005851 0.000000 0.000000 0.002170 0.000849 0.001227 0.000000 0.000000 0.000000 0.000000 0.000000 0.000094 0.050014 0.747193 
0.011983 0.006416 0.002265 0.001321 0.014531 0.178713 0.098509 0.000849 0.009247 0.481883 0.104548 0.031232 0.000000 0.028685 0.005567 0.012833 0.000755 0.010379 0.000000 0.000283 
0.001227 0.000283 0.000000 0.000094 0.000000 0.991980 0.000000 0.000000 0.005473 0.000283 0.000000 0.000189 0.000000 0.000000 0.000189 0.000283 0.000000 0.000000 0.000000 0.000000 
0.001793 0.000000 0.000000 0.000472 0.000000 0.005284 0.001887 0.000000 0.942159 0.029345 0.001415 0.002548 0.000000 0.006133 0.007077 0.000000 0.000661 0.000000 0.000000 0.001227 
0.016041 0.000094 0.000377 0.000755 0.000000 0.948481 0.000000 0.000000 0.000000 0.000000 0.000000 0.000000 0.000000 0.000000 0.000094 0.028590 0.000189 0.005284 0.000094 0.000000 
0.000566 0.003208 0.000000 0.000189 0.000000 0.000755 0.000000 0.000472 0.015852 0.001132 0.000094 0.000566 0.000000 0.000283 0.000094 0.000661 0.042555 0.933572 0.000000 0.000000 
0.006889 0.000378 0.012741 0.070026 0.025764 0.002265 0.002265 0.003492 0.030106 0.552190 0.008305 0.002548 0.000094 0.079747 0.045206 0.062288 0.088430 0.004341 0.000283 0.002643 
0.011325 0.000283 0.014723 0.018214 0.000661 0.025481 0.009815 0.001793 0.625519 0.001982 0.000283 0.046810 0.000094 0.067856 0.066157 0.003303 0.104285 0.001038 0.000189 0.000189 
0.985092 0.000283 0.000000 0.000000 0.000094 0.000377 0.000000 0.000189 0.000944 0.000283 0.000000 0.000000 0.004435 0.000000 0.000000 0.001510 0.000377 0.006416 0.000000 0.000000 
0.007549 0.036611 0.000094 0.001698 0.000472 0.000377 0.000000 0.080204 0.000661 0.007360 0.000094 0.017834 0.000000 0.000000 0.000472 0.000377 0.000283 0.845914 0.000000 0.000000 
0.185430 0.000944 0.148438 0.302822 0.000661 0.039256 0.009437 0.000661 0.108899 0.031518 0.000755 0.069831 0.000000 0.031613 0.017835 0.042276 0.008116 0.001132 0.000000 0.000377 
0.197113 0.000755 0.000000 0.000094 0.005378 0.003680 0.142857 0.017834 0.000755 0.004246 0.000472 0.590866 0.000283 0.001510 0.001132 0.013116 0.001321 0.004718 0.000000 0.013871 
0.006699 0.000000 0.000094 0.000377 0.000094 0.000000 0.000283 0.292885 0.000377 0.019249 0.000094 0.003114 0.000000 0.000094 0.000094 0.000094 0.000000 0.676448 0.000000 0.000000 

MOTIF MEME-7
letter-probability matrix: alength= 20 w= 30 nsites= 13563 E= 0.000000
0.247438 0.000516 0.044902 0.133967 0.050579 0.100347 0.012755 0.015336 0.091868 0.103886 0.004498 0.017105 0.000000 0.040552 0.017843 0.030082 0.023446 0.049989 0.000442 0.014451 
0.002433 0.000737 0.001180 0.018950 0.003982 0.000295 0.004055 0.585238 0.001032 0.182864 0.000885 0.000074 0.000074 0.013051 0.000295 0.000147 0.000295 0.184117 0.000147 0.000147 
0.000147 0.000074 0.948017 0.023669 0.000000 0.000221 0.000000 0.000664 0.002802 0.000000 0.000516 0.000516 0.000000 0.015706 0.000221 0.000369 0.006857 0.000221 0.000000 0.000000 
0.084895 0.000811 0.036362 0.091311 0.001475 0.012686 0.030240 0.000369 0.182402 0.062325 0.010621 0.077666 0.000000 0.242661 0.122584 0.016079 0.016448 0.000443 0.000074 0.010547 
0.250387 0.002581 0.037687 0.008039 0.091673 0.000295 0.000443 0.125599 0.055978 0.159378 0.034516 0.000443 0.000074 0.003171 0.055609 0.003466 0.123092 0.045210 0.000295 0.002065 
0.000295 0.000369 0.012094 0.000516 0.000074 0.036799 0.000000 0.006932 0.000442 0.277434 0.663569 0.000074 0.000074 0.000000 0.000000 0.000074 0.000147 0.001106 0.000000 0.000000 
0.001548 0.012756 0.000442 0.000959 0.022563 0.005973 0.004277 0.583247 0.013199 0.221575 0.006636 0.018655 0.000000 0.002065 0.041292 0.003908 0.036868 0.023964 0.000000 0.000074 
0.151180 0.000664 0.267404 0.342920 0.000442 0.009882 0.002434 0.000295 0.091888 0.000664 0.000516 0.028761 0.000000 0.045428 0.007153 0.027065 0.015929 0.007153 0.000000 0.000221 
0.052434 0.001844 0.000147 0.002876 0.002950 0.000811 0.000147 0.033997 0.013274 0.785988 0.044248 0.035914 0.000000 0.000590 0.003835 0.001180 0.010619 0.008112 0.000147 0.000885 
0.000295 0.000000 0.949860 0.034582 0.000074 0.000590 0.000074 0.000000 0.000737 0.000369 0.000221 0.000664 0.000000 0.002654 0.000000 0.004424 0.005235 0.000000 0.000000 0.000221 
0.030234 0.000147 0.003097 0.002655 0.000000 0.903104 0.000295 0.000000 0.001770 0.000369 0.000000 0.004646 0.001180 0.000442 0.013052 0.002212 0.000147 0.000000 0.035764 0.000885 
0.001475 0.000369 0.001548 0.000000 0.001622 0.037458 0.000000 0.000000 0.000959 0.000000 0.000074 0.000074 0.000074 0.000147 0.000221 0.041513 0.903775 0.000221 0.000000 0.010470 
0.046014 0.000000 0.114888 0.372391 0.001032 0.004056 0.008775 0.001032 0.058771 0.009660 0.003835 0.011799 0.298872 0.004941 0.002876 0.016370 0.006342 0.001770 0.035396 0.001180 
0.003982 0.033033 0.074325 0.002433 0.006931 0.017623 0.000885 0.000295 0.001180 0.004129 0.000000 0.795458 0.000000 0.001991 0.000369 0.009143 0.047338 0.000147 0.000000 0.000737 
0.000295 0.000147 0.000000 0.000000 0.012610 0.000000 0.000590 0.000000 0.945211 0.005088 0.000737 0.000074 0.000074 0.000147 0.003097 0.000000 0.000074 0.000074 0.000074 0.031709 
0.132798 0.000516 0.006415 0.036057 0.000074 0.228506 0.000959 0.000369 0.028831 0.000000 0.000664 0.004277 0.000000 0.018803 0.005014 0.518950 0.016738 0.000737 0.000074 0.000221 
0.008260 0.000221 0.000811 0.014971 0.000147 0.003392 0.006195 0.001622 0.505531 0.001032 0.000590 0.147566 0.000000 0.009218 0.240265 0.041150 0.012758 0.005752 0.000074 0.000442 
0.000590 0.000221 0.000000 0.000000 0.153109 0.000000 0.000295 0.027657 0.000000 0.798584 0.006048 0.000000 0.000000 0.000000 0.000000 0.000148 0.001254 0.006859 0.000221 0.005015 
0.000000 0.000074 0.000000 0.000074 0.000000 0.999853 0.000000 0.000000 0.000000 0.000000 0.000000 0.000000 0.000000 0.000000 0.000000 0.000000 0.000000 0.000000 0.000000 0.000000 
0.971096 0.000000 0.000000 0.000074 0.000000 0.026029 0.000000 0.000000 0.000000 0.000000 0.000000 0.000000 0.000000 0.000000 0.000000 0.001843 0.000295 0.000664 0.000000 0.000000 
0.000590 0.000000 0.000369 0.000000 0.000000 0.000000 0.000000 0.000000 0.000000 0.000000 0.000000 0.998894 0.000000 0.000000 0.000000 0.000074 0.000000 0.000074 0.000000 0.000000 
0.959292 0.000074 0.000000 0.000000 0.000590 0.003687 0.000000 0.000885 0.000000 0.001032 0.000074 0.000074 0.000074 0.000000 0.000000 0.025000 0.007375 0.001844 0.000000 0.000000 
0.012021 0.001770 0.000000 0.000000 0.000369 0.000000 0.000000 0.809587 0.000000 0.047861 0.042920 0.000000 0.000000 0.000000 0.000000 0.004499 0.045501 0.035472 0.000000 0.000000 
0.000221 0.000074 0.000000 0.000000 0.000000 0.000074 0.000000 0.006857 0.000000 0.965123 0.000074 0.000000 0.000000 0.000000 0.000000 0.000074 0.005604 0.021457 0.000000 0.000442 
0.290444 0.000000 0.000000 0.000074 0.000000 0.695178 0.000000 0.000000 0.000000 0.000000 0.000000 0.000000 0.001327 0.000000 0.000000 0.011208 0.000885 0.000885 0.000000 0.000000 
0.015928 0.011282 0.000000 0.000074 0.000369 0.000147 0.000000 0.022122 0.000074 0.004277 0.001180 0.000000 0.000000 0.000000 0.000074 0.000074 0.022860 0.921466 0.000000 0.000074 
0.000000 0.000000 0.000074 0.000000 0.000074 0.000000 0.000147 0.000074 0.000000 0.000074 0.000000 0.000000 0.000221 0.000000 0.000000 0.999263 0.000000 0.000074 0.000000 0.000000 
0.000442 0.000221 0.000000 0.000147 0.004056 0.000000 0.000000 0.078165 0.000000 0.690288 0.222476 0.000000 0.000221 0.000590 0.000000 0.000000 0.000885 0.002286 0.000221 0.000000 
0.977212 0.008555 0.000000 0.000000 0.000074 0.000885 0.000000 0.000000 0.000074 0.000221 0.000000 0.000000 0.000000 0.000000 0.000074 0.012168 0.000221 0.000516 0.000000 0.000000 
0.168437 0.049041 0.000000 0.000000 0.003761 0.000074 0.000000 0.041077 0.000000 0.046608 0.000442 0.045428 0.000000 0.000000 0.000000 0.009587 0.070575 0.563717 0.000000 0.001254 

MOTIF MEME-8
letter-probability matrix: alength= 20 w= 30 nsites= 13408 E= 0.000000
0.000597 0.000448 0.000000 0.000149 0.000000 0.000075 0.000000 0.000149 0.000000 0.000820 0.000224 0.000298 0.988439 0.000224 0.000000 0.000298 0.008279 0.000000 0.000000 0.000000 
0.181920 0.022898 0.000000 0.008354 0.045648 0.000597 0.005743 0.001044 0.000000 0.054151 0.643171 0.005967 0.000075 0.002387 0.000149 0.023868 0.002312 0.000597 0.000298 0.000820 
0.005520 0.010368 0.000000 0.000000 0.243529 0.009398 0.008354 0.017976 0.000075 0.061013 0.626315 0.000149 0.000075 0.007384 0.000075 0.002163 0.000373 0.007086 0.000000 0.000149 
0.000075 0.000000 0.000149 0.000000 0.000000 0.000075 0.000000 0.000149 0.000224 0.000149 0.000000 0.987768 0.000000 0.009024 0.000075 0.000895 0.001268 0.000149 0.000000 0.000000 
0.000000 0.000224 0.000075 0.000000 0.000448 0.000075 0.000000 0.620497 0.000000 0.005967 0.000820 0.000000 0.000000 0.000373 0.000000 0.000000 0.000000 0.371522 0.000000 0.000000 
